120
2977
1 2
1 10
1 12
1 16
1 17
1 21
1 23
1 29
1 36
1 39
1 40
1 41
1 44
1 52
1 53
1 54
1 61
1 62
1 63
1 65
1 66
1 68
1 69
1 72
1 73
1 75
1 76
1 77
1 80
1 82
1 85
1 89
1 90
1 91
1 95
1 96
1 97
1 98
1 100
1 107
1 108
1 109
1 111
1 114
1 115
2 10
2 12
2 16
2 17
2 21
2 23
2 29
2 36
2 39
2 40
2 41
2 44
2 52
2 53
2 54
2 61
2 62
2 63
2 65
2 66
2 68
2 69
2 72
2 73
2 75
2 76
2 77
2 80
2 82
2 85
2 89
2 90
2 91
2 95
2 96
2 97
2 98
2 100
2 107
2 108
2 109
2 111
2 114
2 115
3 11
3 18
3 22
3 26
3 30
3 34
3 37
3 45
3 47
3 49
3 50
3 51
3 56
3 59
3 64
3 71
3 79
3 83
3 88
3 101
3 105
3 116
3 117
3 119
4 5
4 6
4 7
4 8
4 9
4 13
4 14
4 15
4 19
4 20
4 24
4 25
4 27
4 28
4 31
4 32
4 33
4 35
4 38
4 42
4 43
4 46
4 48
4 55
4 57
4 58
4 60
4 67
4 70
4 74
4 78
4 81
4 84
4 86
4 87
4 92
4 93
4 94
4 99
4 102
4 103
4 104
4 106
4 110
4 112
4 113
4 118
4 120
5 6
5 7
5 8
5 9
5 13
5 14
5 15
5 19
5 20
5 24
5 25
5 27
5 28
5 31
5 32
5 33
5 35
5 38
5 42
5 43
5 46
5 48
5 55
5 57
5 58
5 60
5 67
5 70
5 74
5 78
5 81
5 84
5 86
5 87
5 92
5 93
5 94
5 99
5 102
5 103
5 104
5 106
5 110
5 112
5 113
5 118
5 120
6 7
6 8
6 9
6 13
6 14
6 15
6 19
6 20
6 24
6 25
6 27
6 28
6 31
6 32
6 33
6 35
6 38
6 42
6 43
6 46
6 48
6 55
6 57
6 58
6 60
6 67
6 70
6 74
6 78
6 81
6 84
6 86
6 87
6 92
6 93
6 94
6 99
6 102
6 103
6 104
6 106
6 110
6 112
6 113
6 118
6 120
7 8
7 9
7 13
7 14
7 15
7 19
7 20
7 24
7 25
7 27
7 28
7 31
7 32
7 33
7 35
7 38
7 42
7 43
7 46
7 48
7 55
7 57
7 58
7 60
7 67
7 70
7 74
7 78
7 81
7 84
7 86
7 87
7 92
7 93
7 94
7 99
7 102
7 103
7 104
7 106
7 110
7 112
7 113
7 118
7 120
8 9
8 13
8 14
8 15
8 19
8 20
8 24
8 25
8 27
8 28
8 31
8 32
8 33
8 35
8 38
8 42
8 43
8 46
8 48
8 55
8 57
8 58
8 60
8 67
8 70
8 74
8 78
8 81
8 84
8 86
8 87
8 92
8 93
8 94
8 99
8 102
8 103
8 104
8 106
8 110
8 112
8 113
8 118
8 120
9 13
9 14
9 15
9 19
9 20
9 24
9 25
9 27
9 28
9 31
9 32
9 33
9 35
9 38
9 42
9 43
9 46
9 48
9 55
9 57
9 58
9 60
9 67
9 70
9 74
9 78
9 81
9 84
9 86
9 87
9 92
9 93
9 94
9 99
9 102
9 103
9 104
9 106
9 110
9 112
9 113
9 118
9 120
10 12
10 16
10 17
10 21
10 23
10 29
10 36
10 39
10 40
10 41
10 44
10 52
10 53
10 54
10 61
10 62
10 63
10 65
10 66
10 68
10 69
10 72
10 73
10 75
10 76
10 77
10 80
10 82
10 85
10 89
10 90
10 91
10 95
10 96
10 97
10 98
10 100
10 107
10 108
10 109
10 111
10 114
10 115
11 18
11 22
11 26
11 30
11 34
11 37
11 45
11 47
11 49
11 50
11 51
11 56
11 59
11 64
11 71
11 79
11 83
11 88
11 101
11 105
11 116
11 117
11 119
12 16
12 17
12 21
12 23
12 29
12 36
12 39
12 40
12 41
12 44
12 52
12 53
12 54
12 61
12 62
12 63
12 65
12 66
12 68
12 69
12 72
12 73
12 75
12 76
12 77
12 80
12 82
12 85
12 89
12 90
12 91
12 95
12 96
12 97
12 98
12 100
12 107
12 108
12 109
12 111
12 114
12 115
13 14
13 15
13 19
13 20
13 24
13 25
13 27
13 28
13 31
13 32
13 33
13 35
13 38
13 42
13 43
13 46
13 48
13 55
13 57
13 58
13 60
13 67
13 70
13 74
13 78
13 81
13 84
13 86
13 87
13 92
13 93
13 94
13 99
13 102
13 103
13 104
13 106
13 110
13 112
13 113
13 118
13 120
14 15
14 19
14 20
14 24
14 25
14 27
14 28
14 31
14 32
14 33
14 35
14 38
14 42
14 43
14 46
14 48
14 55
14 57
14 58
14 60
14 67
14 70
14 74
14 78
14 81
14 84
14 86
14 87
14 92
14 93
14 94
14 99
14 102
14 103
14 104
14 106
14 110
14 112
14 113
14 118
14 120
15 19
15 20
15 24
15 25
15 27
15 28
15 31
15 32
15 33
15 35
15 38
15 42
15 43
15 46
15 48
15 55
15 57
15 58
15 60
15 67
15 70
15 74
15 78
15 81
15 84
15 86
15 87
15 92
15 93
15 94
15 99
15 102
15 103
15 104
15 106
15 110
15 112
15 113
15 118
15 120
16 17
16 21
16 23
16 29
16 36
16 39
16 40
16 41
16 44
16 52
16 53
16 54
16 61
16 62
16 63
16 65
16 66
16 68
16 69
16 72
16 73
16 75
16 76
16 77
16 80
16 82
16 85
16 89
16 90
16 91
16 95
16 96
16 97
16 98
16 100
16 107
16 108
16 109
16 111
16 114
16 115
17 21
17 23
17 29
17 36
17 39
17 40
17 41
17 44
17 52
17 53
17 54
17 61
17 62
17 63
17 65
17 66
17 68
17 69
17 72
17 73
17 75
17 76
17 77
17 80
17 82
17 85
17 89
17 90
17 91
17 95
17 96
17 97
17 98
17 100
17 107
17 108
17 109
17 111
17 114
17 115
18 22
18 26
18 30
18 34
18 37
18 45
18 47
18 49
18 50
18 51
18 56
18 59
18 64
18 71
18 79
18 83
18 88
18 101
18 105
18 116
18 117
18 119
19 20
19 24
19 25
19 27
19 28
19 31
19 32
19 33
19 35
19 38
19 42
19 43
19 46
19 48
19 55
19 57
19 58
19 60
19 67
19 70
19 74
19 78
19 81
19 84
19 86
19 87
19 92
19 93
19 94
19 99
19 102
19 103
19 104
19 106
19 110
19 112
19 113
19 118
19 120
20 24
20 25
20 27
20 28
20 31
20 32
20 33
20 35
20 38
20 42
20 43
20 46
20 48
20 55
20 57
20 58
20 60
20 67
20 70
20 74
20 78
20 81
20 84
20 86
20 87
20 92
20 93
20 94
20 99
20 102
20 103
20 104
20 106
20 110
20 112
20 113
20 118
20 120
21 23
21 29
21 36
21 39
21 40
21 41
21 44
21 52
21 53
21 54
21 61
21 62
21 63
21 65
21 66
21 68
21 69
21 72
21 73
21 75
21 76
21 77
21 80
21 82
21 85
21 89
21 90
21 91
21 95
21 96
21 97
21 98
21 100
21 107
21 108
21 109
21 111
21 114
21 115
22 26
22 30
22 34
22 37
22 45
22 47
22 49
22 50
22 51
22 56
22 59
22 64
22 71
22 79
22 83
22 88
22 101
22 105
22 116
22 117
22 119
23 29
23 36
23 39
23 40
23 41
23 44
23 52
23 53
23 54
23 61
23 62
23 63
23 65
23 66
23 68
23 69
23 72
23 73
23 75
23 76
23 77
23 80
23 82
23 85
23 89
23 90
23 91
23 95
23 96
23 97
23 98
23 100
23 107
23 108
23 109
23 111
23 114
23 115
24 25
24 27
24 28
24 31
24 32
24 33
24 35
24 38
24 42
24 43
24 46
24 48
24 55
24 57
24 58
24 60
24 67
24 70
24 74
24 78
24 81
24 84
24 86
24 87
24 92
24 93
24 94
24 99
24 102
24 103
24 104
24 106
24 110
24 112
24 113
24 118
24 120
25 27
25 28
25 31
25 32
25 33
25 35
25 38
25 42
25 43
25 46
25 48
25 55
25 57
25 58
25 60
25 67
25 70
25 74
25 78
25 81
25 84
25 86
25 87
25 92
25 93
25 94
25 99
25 102
25 103
25 104
25 106
25 110
25 112
25 113
25 118
25 120
26 30
26 34
26 37
26 45
26 47
26 49
26 50
26 51
26 56
26 59
26 64
26 71
26 79
26 83
26 88
26 101
26 105
26 116
26 117
26 119
27 28
27 31
27 32
27 33
27 35
27 38
27 42
27 43
27 46
27 48
27 55
27 57
27 58
27 60
27 67
27 70
27 74
27 78
27 81
27 84
27 86
27 87
27 92
27 93
27 94
27 99
27 102
27 103
27 104
27 106
27 110
27 112
27 113
27 118
27 120
28 31
28 32
28 33
28 35
28 38
28 42
28 43
28 46
28 48
28 55
28 57
28 58
28 60
28 67
28 70
28 74
28 78
28 81
28 84
28 86
28 87
28 92
28 93
28 94
28 99
28 102
28 103
28 104
28 106
28 110
28 112
28 113
28 118
28 120
29 36
29 39
29 40
29 41
29 44
29 52
29 53
29 54
29 61
29 62
29 63
29 65
29 66
29 68
29 69
29 72
29 73
29 75
29 76
29 77
29 80
29 82
29 85
29 89
29 90
29 91
29 95
29 96
29 97
29 98
29 100
29 107
29 108
29 109
29 111
29 114
29 115
30 34
30 37
30 45
30 47
30 49
30 50
30 51
30 56
30 59
30 64
30 71
30 79
30 83
30 88
30 101
30 105
30 116
30 117
30 119
31 32
31 33
31 35
31 38
31 42
31 43
31 46
31 48
31 55
31 57
31 58
31 60
31 67
31 70
31 74
31 78
31 81
31 84
31 86
31 87
31 92
31 93
31 94
31 99
31 102
31 103
31 104
31 106
31 110
31 112
31 113
31 118
31 120
32 33
32 35
32 38
32 42
32 43
32 46
32 48
32 55
32 57
32 58
32 60
32 67
32 70
32 74
32 78
32 81
32 84
32 86
32 87
32 92
32 93
32 94
32 99
32 102
32 103
32 104
32 106
32 110
32 112
32 113
32 118
32 120
33 35
33 38
33 42
33 43
33 46
33 48
33 55
33 57
33 58
33 60
33 67
33 70
33 74
33 78
33 81
33 84
33 86
33 87
33 92
33 93
33 94
33 99
33 102
33 103
33 104
33 106
33 110
33 112
33 113
33 118
33 120
34 37
34 45
34 47
34 49
34 50
34 51
34 56
34 59
34 64
34 71
34 79
34 83
34 88
34 101
34 105
34 116
34 117
34 119
35 38
35 42
35 43
35 46
35 48
35 55
35 57
35 58
35 60
35 67
35 70
35 74
35 78
35 81
35 84
35 86
35 87
35 92
35 93
35 94
35 99
35 102
35 103
35 104
35 106
35 110
35 112
35 113
35 118
35 120
36 39
36 40
36 41
36 44
36 52
36 53
36 54
36 61
36 62
36 63
36 65
36 66
36 68
36 69
36 72
36 73
36 75
36 76
36 77
36 80
36 82
36 85
36 89
36 90
36 91
36 95
36 96
36 97
36 98
36 100
36 107
36 108
36 109
36 111
36 114
36 115
37 45
37 47
37 49
37 50
37 51
37 56
37 59
37 64
37 71
37 79
37 83
37 88
37 101
37 105
37 116
37 117
37 119
38 42
38 43
38 46
38 48
38 55
38 57
38 58
38 60
38 67
38 70
38 74
38 78
38 81
38 84
38 86
38 87
38 92
38 93
38 94
38 99
38 102
38 103
38 104
38 106
38 110
38 112
38 113
38 118
38 120
39 40
39 41
39 44
39 52
39 53
39 54
39 61
39 62
39 63
39 65
39 66
39 68
39 69
39 72
39 73
39 75
39 76
39 77
39 80
39 82
39 85
39 89
39 90
39 91
39 95
39 96
39 97
39 98
39 100
39 107
39 108
39 109
39 111
39 114
39 115
40 41
40 44
40 52
40 53
40 54
40 61
40 62
40 63
40 65
40 66
40 68
40 69
40 72
40 73
40 75
40 76
40 77
40 80
40 82
40 85
40 89
40 90
40 91
40 95
40 96
40 97
40 98
40 100
40 107
40 108
40 109
40 111
40 114
40 115
41 44
41 52
41 53
41 54
41 61
41 62
41 63
41 65
41 66
41 68
41 69
41 72
41 73
41 75
41 76
41 77
41 80
41 82
41 85
41 89
41 90
41 91
41 95
41 96
41 97
41 98
41 100
41 107
41 108
41 109
41 111
41 114
41 115
42 43
42 46
42 48
42 55
42 57
42 58
42 60
42 67
42 70
42 74
42 78
42 81
42 84
42 86
42 87
42 92
42 93
42 94
42 99
42 102
42 103
42 104
42 106
42 110
42 112
42 113
42 118
42 120
43 46
43 48
43 55
43 57
43 58
43 60
43 67
43 70
43 74
43 78
43 81
43 84
43 86
43 87
43 92
43 93
43 94
43 99
43 102
43 103
43 104
43 106
43 110
43 112
43 113
43 118
43 120
44 52
44 53
44 54
44 61
44 62
44 63
44 65
44 66
44 68
44 69
44 72
44 73
44 75
44 76
44 77
44 80
44 82
44 85
44 89
44 90
44 91
44 95
44 96
44 97
44 98
44 100
44 107
44 108
44 109
44 111
44 114
44 115
45 47
45 49
45 50
45 51
45 56
45 59
45 64
45 71
45 79
45 83
45 88
45 101
45 105
45 116
45 117
45 119
46 48
46 55
46 57
46 58
46 60
46 67
46 70
46 74
46 78
46 81
46 84
46 86
46 87
46 92
46 93
46 94
46 99
46 102
46 103
46 104
46 106
46 110
46 112
46 113
46 118
46 120
47 49
47 50
47 51
47 56
47 59
47 64
47 71
47 79
47 83
47 88
47 101
47 105
47 116
47 117
47 119
48 55
48 57
48 58
48 60
48 67
48 70
48 74
48 78
48 81
48 84
48 86
48 87
48 92
48 93
48 94
48 99
48 102
48 103
48 104
48 106
48 110
48 112
48 113
48 118
48 120
49 50
49 51
49 56
49 59
49 64
49 71
49 79
49 83
49 88
49 101
49 105
49 116
49 117
49 119
50 51
50 56
50 59
50 64
50 71
50 79
50 83
50 88
50 101
50 105
50 116
50 117
50 119
51 56
51 59
51 64
51 71
51 79
51 83
51 88
51 101
51 105
51 116
51 117
51 119
52 53
52 54
52 61
52 62
52 63
52 65
52 66
52 68
52 69
52 72
52 73
52 75
52 76
52 77
52 80
52 82
52 85
52 89
52 90
52 91
52 95
52 96
52 97
52 98
52 100
52 107
52 108
52 109
52 111
52 114
52 115
53 54
53 61
53 62
53 63
53 65
53 66
53 68
53 69
53 72
53 73
53 75
53 76
53 77
53 80
53 82
53 85
53 89
53 90
53 91
53 95
53 96
53 97
53 98
53 100
53 107
53 108
53 109
53 111
53 114
53 115
54 61
54 62
54 63
54 65
54 66
54 68
54 69
54 72
54 73
54 75
54 76
54 77
54 80
54 82
54 85
54 89
54 90
54 91
54 95
54 96
54 97
54 98
54 100
54 107
54 108
54 109
54 111
54 114
54 115
55 57
55 58
55 60
55 67
55 70
55 74
55 78
55 81
55 84
55 86
55 87
55 92
55 93
55 94
55 99
55 102
55 103
55 104
55 106
55 110
55 112
55 113
55 118
55 120
56 59
56 64
56 71
56 79
56 83
56 88
56 101
56 105
56 116
56 117
56 119
57 58
57 60
57 67
57 70
57 74
57 78
57 81
57 84
57 86
57 87
57 92
57 93
57 94
57 99
57 102
57 103
57 104
57 106
57 110
57 112
57 113
57 118
57 120
58 60
58 67
58 70
58 74
58 78
58 81
58 84
58 86
58 87
58 92
58 93
58 94
58 99
58 102
58 103
58 104
58 106
58 110
58 112
58 113
58 118
58 120
59 64
59 71
59 79
59 83
59 88
59 101
59 105
59 116
59 117
59 119
60 67
60 70
60 74
60 78
60 81
60 84
60 86
60 87
60 92
60 93
60 94
60 99
60 102
60 103
60 104
60 106
60 110
60 112
60 113
60 118
60 120
61 62
61 63
61 65
61 66
61 68
61 69
61 72
61 73
61 75
61 76
61 77
61 80
61 82
61 85
61 89
61 90
61 91
61 95
61 96
61 97
61 98
61 100
61 107
61 108
61 109
61 111
61 114
61 115
62 63
62 65
62 66
62 68
62 69
62 72
62 73
62 75
62 76
62 77
62 80
62 82
62 85
62 89
62 90
62 91
62 95
62 96
62 97
62 98
62 100
62 107
62 108
62 109
62 111
62 114
62 115
63 65
63 66
63 68
63 69
63 72
63 73
63 75
63 76
63 77
63 80
63 82
63 85
63 89
63 90
63 91
63 95
63 96
63 97
63 98
63 100
63 107
63 108
63 109
63 111
63 114
63 115
64 71
64 79
64 83
64 88
64 101
64 105
64 116
64 117
64 119
65 66
65 68
65 69
65 72
65 73
65 75
65 76
65 77
65 80
65 82
65 85
65 89
65 90
65 91
65 95
65 96
65 97
65 98
65 100
65 107
65 108
65 109
65 111
65 114
65 115
66 68
66 69
66 72
66 73
66 75
66 76
66 77
66 80
66 82
66 85
66 89
66 90
66 91
66 95
66 96
66 97
66 98
66 100
66 107
66 108
66 109
66 111
66 114
66 115
67 70
67 74
67 78
67 81
67 84
67 86
67 87
67 92
67 93
67 94
67 99
67 102
67 103
67 104
67 106
67 110
67 112
67 113
67 118
67 120
68 69
68 72
68 73
68 75
68 76
68 77
68 80
68 82
68 85
68 89
68 90
68 91
68 95
68 96
68 97
68 98
68 100
68 107
68 108
68 109
68 111
68 114
68 115
69 72
69 73
69 75
69 76
69 77
69 80
69 82
69 85
69 89
69 90
69 91
69 95
69 96
69 97
69 98
69 100
69 107
69 108
69 109
69 111
69 114
69 115
70 74
70 78
70 81
70 84
70 86
70 87
70 92
70 93
70 94
70 99
70 102
70 103
70 104
70 106
70 110
70 112
70 113
70 118
70 120
71 79
71 83
71 88
71 101
71 105
71 116
71 117
71 119
72 73
72 75
72 76
72 77
72 80
72 82
72 85
72 89
72 90
72 91
72 95
72 96
72 97
72 98
72 100
72 107
72 108
72 109
72 111
72 114
72 115
73 75
73 76
73 77
73 80
73 82
73 85
73 89
73 90
73 91
73 95
73 96
73 97
73 98
73 100
73 107
73 108
73 109
73 111
73 114
73 115
74 78
74 81
74 84
74 86
74 87
74 92
74 93
74 94
74 99
74 102
74 103
74 104
74 106
74 110
74 112
74 113
74 118
74 120
75 76
75 77
75 80
75 82
75 85
75 89
75 90
75 91
75 95
75 96
75 97
75 98
75 100
75 107
75 108
75 109
75 111
75 114
75 115
76 77
76 80
76 82
76 85
76 89
76 90
76 91
76 95
76 96
76 97
76 98
76 100
76 107
76 108
76 109
76 111
76 114
76 115
77 80
77 82
77 85
77 89
77 90
77 91
77 95
77 96
77 97
77 98
77 100
77 107
77 108
77 109
77 111
77 114
77 115
78 81
78 84
78 86
78 87
78 92
78 93
78 94
78 99
78 102
78 103
78 104
78 106
78 110
78 112
78 113
78 118
78 120
79 83
79 88
79 101
79 105
79 116
79 117
79 119
80 82
80 85
80 89
80 90
80 91
80 95
80 96
80 97
80 98
80 100
80 107
80 108
80 109
80 111
80 114
80 115
81 84
81 86
81 87
81 92
81 93
81 94
81 99
81 102
81 103
81 104
81 106
81 110
81 112
81 113
81 118
81 120
82 85
82 89
82 90
82 91
82 95
82 96
82 97
82 98
82 100
82 107
82 108
82 109
82 111
82 114
82 115
83 88
83 101
83 105
83 116
83 117
83 119
84 86
84 87
84 92
84 93
84 94
84 99
84 102
84 103
84 104
84 106
84 110
84 112
84 113
84 118
84 120
85 89
85 90
85 91
85 95
85 96
85 97
85 98
85 100
85 107
85 108
85 109
85 111
85 114
85 115
86 87
86 92
86 93
86 94
86 99
86 102
86 103
86 104
86 106
86 110
86 112
86 113
86 118
86 120
87 92
87 93
87 94
87 99
87 102
87 103
87 104
87 106
87 110
87 112
87 113
87 118
87 120
88 101
88 105
88 116
88 117
88 119
89 90
89 91
89 95
89 96
89 97
89 98
89 100
89 107
89 108
89 109
89 111
89 114
89 115
90 91
90 95
90 96
90 97
90 98
90 100
90 107
90 108
90 109
90 111
90 114
90 115
91 95
91 96
91 97
91 98
91 100
91 107
91 108
91 109
91 111
91 114
91 115
92 93
92 94
92 99
92 102
92 103
92 104
92 106
92 110
92 112
92 113
92 118
92 120
93 94
93 99
93 102
93 103
93 104
93 106
93 110
93 112
93 113
93 118
93 120
94 99
94 102
94 103
94 104
94 106
94 110
94 112
94 113
94 118
94 120
95 96
95 97
95 98
95 100
95 107
95 108
95 109
95 111
95 114
95 115
96 97
96 98
96 100
96 107
96 108
96 109
96 111
96 114
96 115
97 98
97 100
97 107
97 108
97 109
97 111
97 114
97 115
98 100
98 107
98 108
98 109
98 111
98 114
98 115
99 102
99 103
99 104
99 106
99 110
99 112
99 113
99 118
99 120
100 107
100 108
100 109
100 111
100 114
100 115
101 105
101 116
101 117
101 119
102 103
102 104
102 106
102 110
102 112
102 113
102 118
102 120
103 104
103 106
103 110
103 112
103 113
103 118
103 120
104 106
104 110
104 112
104 113
104 118
104 120
105 116
105 117
105 119
106 110
106 112
106 113
106 118
106 120
107 108
107 109
107 111
107 114
107 115
108 109
108 111
108 114
108 115
109 111
109 114
109 115
110 112
110 113
110 118
110 120
111 114
111 115
112 113
112 118
112 120
113 118
113 120
114 115
116 117
116 119
117 119
118 120
103 117
103 45
103 11
103 26
103 49
103 88
103 18
103 64
103 51
103 22
103 56
103 83
103 101
103 37
103 50
103 116
103 71
103 30
103 59
103 34
103 79
103 119
103 105
103 3
103 47
17 28
17 104
17 67
17 113
17 58
17 87
17 14
17 78
17 42
17 25
17 33
17 106
17 24
17 103
17 13
17 57
17 32
17 70
17 74
17 9
17 5
17 102
17 43
17 110
17 55
17 20
17 48
17 35
17 86
17 92
17 99
17 6
17 60
17 8
17 38
17 4
17 27
17 19
17 7
17 84
17 112
17 120
17 93
17 31
17 15
17 46
17 94
17 118
17 81
12 117
12 45
12 11
12 26
12 49
12 88
12 18
12 64
12 51
12 22
12 56
12 83
12 101
12 37
12 50
12 116
12 71
12 30
12 59
12 34
12 79
12 119
12 105
12 3
12 47
59 28
59 104
59 67
59 113
59 58
59 87
59 14
59 78
59 42
59 25
59 33
59 106
59 24
59 103
59 13
59 57
59 32
59 70
59 74
59 9
59 5
59 102
59 43
59 110
59 55
59 20
59 48
59 35
59 86
59 92
59 99
59 6
59 60
59 8
59 38
59 4
59 27
59 19
59 7
59 84
59 112
59 120
59 93
59 31
59 15
59 46
59 94
59 118
59 81
104 117
104 45
104 11
104 26
104 49
104 88
104 18
104 64
104 51
104 22
104 56
104 83
104 101
104 37
104 50
104 116
104 71
104 30
104 59
104 34
104 79
104 119
104 105
104 3
104 47
115 117
115 45
115 11
115 26
115 49
115 88
115 18
115 64
115 51
115 22
115 56
115 83
115 101
115 37
115 50
115 116
115 71
115 30
115 59
115 34
115 79
115 119
115 105
115 3
115 47
56 28
56 104
56 67
56 113
56 58
56 87
56 14
56 78
56 42
56 25
56 33
56 106
56 24
56 103
56 13
56 57
56 32
56 70
56 74
56 9
56 5
56 102
56 43
56 110
56 55
56 20
56 48
56 35
56 86
56 92
56 99
56 6
56 60
56 8
56 38
56 4
56 27
56 19
56 7
56 84
56 112
56 120
56 93
56 31
56 15
56 46
56 94
56 118
56 81
76 28
76 104
76 67
76 113
76 58
76 87
76 14
76 78
76 42
76 25
76 33
76 106
76 24
76 103
76 13
76 57
76 32
76 70
76 74
76 9
76 5
76 102
76 43
76 110
76 55
76 20
76 48
76 35
76 86
76 92
76 99
76 6
76 60
76 8
76 38
76 4
76 27
76 19
76 7
76 84
76 112
76 120
76 93
76 31
76 15
76 46
76 94
76 118
76 81
62 28
62 104
62 67
62 113
62 58
62 87
62 14
62 78
62 42
62 25
62 33
62 106
62 24
62 103
62 13
62 57
62 32
62 70
62 74
62 9
62 5
62 102
62 43
62 110
62 55
62 20
62 48
62 35
62 86
62 92
62 99
62 6
62 60
62 8
62 38
62 4
62 27
62 19
62 7
62 84
62 112
62 120
62 93
62 31
62 15
62 46
62 94
62 118
62 81
98 28
98 104
98 67
98 113
98 58
98 87
98 14
98 78
98 42
98 25
98 33
98 106
98 24
98 103
98 13
98 57
98 32
98 70
98 74
98 9
98 5
98 102
98 43
98 110
98 55
98 20
98 48
98 35
98 86
98 92
98 99
98 6
98 60
98 8
98 38
98 4
98 27
98 19
98 7
98 84
98 112
98 120
98 93
98 31
98 15
98 46
98 94
98 118
98 81
78 36
78 44
78 65
78 73
78 54
78 23
78 39
78 29
78 21
78 10
78 108
78 41
78 91
78 2
78 53
78 63
78 40
78 89
78 62
78 98
78 109
78 95
78 72
78 17
78 100
78 96
78 68
78 61
78 12
78 80
78 82
78 97
78 52
78 107
78 75
78 90
78 76
78 115
78 114
78 69
78 77
78 111
78 1
78 16
78 66
78 85
4 117
4 45
4 11
4 26
4 49
4 88
4 18
4 64
4 51
4 22
4 56
4 83
4 101
4 37
4 50
4 116
4 71
4 30
4 59
4 34
4 79
4 119
4 105
4 3
4 47
