150
4104
1 3
1 6
1 8
1 11
1 12
1 19
1 20
1 21
1 30
1 31
1 33
1 37
1 40
1 41
1 46
1 49
1 52
1 57
1 65
1 78
1 79
1 82
1 87
1 90
1 92
1 95
1 96
1 97
1 100
1 102
1 103
1 106
1 108
1 111
1 122
1 136
1 138
1 140
1 141
1 146
2 4
2 10
2 16
2 17
2 23
2 26
2 28
2 29
2 32
2 35
2 47
2 53
2 58
2 60
2 61
2 66
2 72
2 74
2 75
2 77
2 84
2 94
2 98
2 110
2 115
2 119
2 127
2 129
2 130
2 131
2 133
2 134
2 137
2 144
3 6
3 8
3 11
3 12
3 19
3 20
3 21
3 30
3 31
3 33
3 37
3 40
3 41
3 46
3 49
3 52
3 57
3 65
3 78
3 79
3 82
3 87
3 90
3 92
3 95
3 96
3 97
3 100
3 102
3 103
3 106
3 108
3 111
3 122
3 136
3 138
3 140
3 141
3 146
4 10
4 16
4 17
4 23
4 26
4 28
4 29
4 32
4 35
4 47
4 53
4 58
4 60
4 61
4 66
4 72
4 74
4 75
4 77
4 84
4 94
4 98
4 110
4 115
4 119
4 127
4 129
4 130
4 131
4 133
4 134
4 137
4 144
5 22
5 24
5 27
5 34
5 36
5 39
5 44
5 45
5 50
5 55
5 64
5 67
5 69
5 70
5 71
5 80
5 85
5 86
5 118
5 120
5 125
5 126
5 128
5 142
5 145
5 149
5 150
6 8
6 11
6 12
6 19
6 20
6 21
6 30
6 31
6 33
6 37
6 40
6 41
6 46
6 49
6 52
6 57
6 65
6 78
6 79
6 82
6 87
6 90
6 92
6 95
6 96
6 97
6 100
6 102
6 103
6 106
6 108
6 111
6 122
6 136
6 138
6 140
6 141
6 146
7 9
7 14
7 18
7 25
7 43
7 48
7 54
7 56
7 59
7 63
7 73
7 81
7 89
7 104
7 105
7 107
7 109
7 116
7 121
7 123
7 124
7 132
7 143
8 11
8 12
8 19
8 20
8 21
8 30
8 31
8 33
8 37
8 40
8 41
8 46
8 49
8 52
8 57
8 65
8 78
8 79
8 82
8 87
8 90
8 92
8 95
8 96
8 97
8 100
8 102
8 103
8 106
8 108
8 111
8 122
8 136
8 138
8 140
8 141
8 146
9 14
9 18
9 25
9 43
9 48
9 54
9 56
9 59
9 63
9 73
9 81
9 89
9 104
9 105
9 107
9 109
9 116
9 121
9 123
9 124
9 132
9 143
10 16
10 17
10 23
10 26
10 28
10 29
10 32
10 35
10 47
10 53
10 58
10 60
10 61
10 66
10 72
10 74
10 75
10 77
10 84
10 94
10 98
10 110
10 115
10 119
10 127
10 129
10 130
10 131
10 133
10 134
10 137
10 144
11 12
11 19
11 20
11 21
11 30
11 31
11 33
11 37
11 40
11 41
11 46
11 49
11 52
11 57
11 65
11 78
11 79
11 82
11 87
11 90
11 92
11 95
11 96
11 97
11 100
11 102
11 103
11 106
11 108
11 111
11 122
11 136
11 138
11 140
11 141
11 146
12 19
12 20
12 21
12 30
12 31
12 33
12 37
12 40
12 41
12 46
12 49
12 52
12 57
12 65
12 78
12 79
12 82
12 87
12 90
12 92
12 95
12 96
12 97
12 100
12 102
12 103
12 106
12 108
12 111
12 122
12 136
12 138
12 140
12 141
12 146
13 15
13 38
13 42
13 51
13 62
13 68
13 76
13 83
13 88
13 91
13 93
13 99
13 101
13 112
13 113
13 114
13 117
13 135
13 139
13 147
13 148
14 18
14 25
14 43
14 48
14 54
14 56
14 59
14 63
14 73
14 81
14 89
14 104
14 105
14 107
14 109
14 116
14 121
14 123
14 124
14 132
14 143
15 38
15 42
15 51
15 62
15 68
15 76
15 83
15 88
15 91
15 93
15 99
15 101
15 112
15 113
15 114
15 117
15 135
15 139
15 147
15 148
16 17
16 23
16 26
16 28
16 29
16 32
16 35
16 47
16 53
16 58
16 60
16 61
16 66
16 72
16 74
16 75
16 77
16 84
16 94
16 98
16 110
16 115
16 119
16 127
16 129
16 130
16 131
16 133
16 134
16 137
16 144
17 23
17 26
17 28
17 29
17 32
17 35
17 47
17 53
17 58
17 60
17 61
17 66
17 72
17 74
17 75
17 77
17 84
17 94
17 98
17 110
17 115
17 119
17 127
17 129
17 130
17 131
17 133
17 134
17 137
17 144
18 25
18 43
18 48
18 54
18 56
18 59
18 63
18 73
18 81
18 89
18 104
18 105
18 107
18 109
18 116
18 121
18 123
18 124
18 132
18 143
19 20
19 21
19 30
19 31
19 33
19 37
19 40
19 41
19 46
19 49
19 52
19 57
19 65
19 78
19 79
19 82
19 87
19 90
19 92
19 95
19 96
19 97
19 100
19 102
19 103
19 106
19 108
19 111
19 122
19 136
19 138
19 140
19 141
19 146
20 21
20 30
20 31
20 33
20 37
20 40
20 41
20 46
20 49
20 52
20 57
20 65
20 78
20 79
20 82
20 87
20 90
20 92
20 95
20 96
20 97
20 100
20 102
20 103
20 106
20 108
20 111
20 122
20 136
20 138
20 140
20 141
20 146
21 30
21 31
21 33
21 37
21 40
21 41
21 46
21 49
21 52
21 57
21 65
21 78
21 79
21 82
21 87
21 90
21 92
21 95
21 96
21 97
21 100
21 102
21 103
21 106
21 108
21 111
21 122
21 136
21 138
21 140
21 141
21 146
22 24
22 27
22 34
22 36
22 39
22 44
22 45
22 50
22 55
22 64
22 67
22 69
22 70
22 71
22 80
22 85
22 86
22 118
22 120
22 125
22 126
22 128
22 142
22 145
22 149
22 150
23 26
23 28
23 29
23 32
23 35
23 47
23 53
23 58
23 60
23 61
23 66
23 72
23 74
23 75
23 77
23 84
23 94
23 98
23 110
23 115
23 119
23 127
23 129
23 130
23 131
23 133
23 134
23 137
23 144
24 27
24 34
24 36
24 39
24 44
24 45
24 50
24 55
24 64
24 67
24 69
24 70
24 71
24 80
24 85
24 86
24 118
24 120
24 125
24 126
24 128
24 142
24 145
24 149
24 150
25 43
25 48
25 54
25 56
25 59
25 63
25 73
25 81
25 89
25 104
25 105
25 107
25 109
25 116
25 121
25 123
25 124
25 132
25 143
26 28
26 29
26 32
26 35
26 47
26 53
26 58
26 60
26 61
26 66
26 72
26 74
26 75
26 77
26 84
26 94
26 98
26 110
26 115
26 119
26 127
26 129
26 130
26 131
26 133
26 134
26 137
26 144
27 34
27 36
27 39
27 44
27 45
27 50
27 55
27 64
27 67
27 69
27 70
27 71
27 80
27 85
27 86
27 118
27 120
27 125
27 126
27 128
27 142
27 145
27 149
27 150
28 29
28 32
28 35
28 47
28 53
28 58
28 60
28 61
28 66
28 72
28 74
28 75
28 77
28 84
28 94
28 98
28 110
28 115
28 119
28 127
28 129
28 130
28 131
28 133
28 134
28 137
28 144
29 32
29 35
29 47
29 53
29 58
29 60
29 61
29 66
29 72
29 74
29 75
29 77
29 84
29 94
29 98
29 110
29 115
29 119
29 127
29 129
29 130
29 131
29 133
29 134
29 137
29 144
30 31
30 33
30 37
30 40
30 41
30 46
30 49
30 52
30 57
30 65
30 78
30 79
30 82
30 87
30 90
30 92
30 95
30 96
30 97
30 100
30 102
30 103
30 106
30 108
30 111
30 122
30 136
30 138
30 140
30 141
30 146
31 33
31 37
31 40
31 41
31 46
31 49
31 52
31 57
31 65
31 78
31 79
31 82
31 87
31 90
31 92
31 95
31 96
31 97
31 100
31 102
31 103
31 106
31 108
31 111
31 122
31 136
31 138
31 140
31 141
31 146
32 35
32 47
32 53
32 58
32 60
32 61
32 66
32 72
32 74
32 75
32 77
32 84
32 94
32 98
32 110
32 115
32 119
32 127
32 129
32 130
32 131
32 133
32 134
32 137
32 144
33 37
33 40
33 41
33 46
33 49
33 52
33 57
33 65
33 78
33 79
33 82
33 87
33 90
33 92
33 95
33 96
33 97
33 100
33 102
33 103
33 106
33 108
33 111
33 122
33 136
33 138
33 140
33 141
33 146
34 36
34 39
34 44
34 45
34 50
34 55
34 64
34 67
34 69
34 70
34 71
34 80
34 85
34 86
34 118
34 120
34 125
34 126
34 128
34 142
34 145
34 149
34 150
35 47
35 53
35 58
35 60
35 61
35 66
35 72
35 74
35 75
35 77
35 84
35 94
35 98
35 110
35 115
35 119
35 127
35 129
35 130
35 131
35 133
35 134
35 137
35 144
36 39
36 44
36 45
36 50
36 55
36 64
36 67
36 69
36 70
36 71
36 80
36 85
36 86
36 118
36 120
36 125
36 126
36 128
36 142
36 145
36 149
36 150
37 40
37 41
37 46
37 49
37 52
37 57
37 65
37 78
37 79
37 82
37 87
37 90
37 92
37 95
37 96
37 97
37 100
37 102
37 103
37 106
37 108
37 111
37 122
37 136
37 138
37 140
37 141
37 146
38 42
38 51
38 62
38 68
38 76
38 83
38 88
38 91
38 93
38 99
38 101
38 112
38 113
38 114
38 117
38 135
38 139
38 147
38 148
39 44
39 45
39 50
39 55
39 64
39 67
39 69
39 70
39 71
39 80
39 85
39 86
39 118
39 120
39 125
39 126
39 128
39 142
39 145
39 149
39 150
40 41
40 46
40 49
40 52
40 57
40 65
40 78
40 79
40 82
40 87
40 90
40 92
40 95
40 96
40 97
40 100
40 102
40 103
40 106
40 108
40 111
40 122
40 136
40 138
40 140
40 141
40 146
41 46
41 49
41 52
41 57
41 65
41 78
41 79
41 82
41 87
41 90
41 92
41 95
41 96
41 97
41 100
41 102
41 103
41 106
41 108
41 111
41 122
41 136
41 138
41 140
41 141
41 146
42 51
42 62
42 68
42 76
42 83
42 88
42 91
42 93
42 99
42 101
42 112
42 113
42 114
42 117
42 135
42 139
42 147
42 148
43 48
43 54
43 56
43 59
43 63
43 73
43 81
43 89
43 104
43 105
43 107
43 109
43 116
43 121
43 123
43 124
43 132
43 143
44 45
44 50
44 55
44 64
44 67
44 69
44 70
44 71
44 80
44 85
44 86
44 118
44 120
44 125
44 126
44 128
44 142
44 145
44 149
44 150
45 50
45 55
45 64
45 67
45 69
45 70
45 71
45 80
45 85
45 86
45 118
45 120
45 125
45 126
45 128
45 142
45 145
45 149
45 150
46 49
46 52
46 57
46 65
46 78
46 79
46 82
46 87
46 90
46 92
46 95
46 96
46 97
46 100
46 102
46 103
46 106
46 108
46 111
46 122
46 136
46 138
46 140
46 141
46 146
47 53
47 58
47 60
47 61
47 66
47 72
47 74
47 75
47 77
47 84
47 94
47 98
47 110
47 115
47 119
47 127
47 129
47 130
47 131
47 133
47 134
47 137
47 144
48 54
48 56
48 59
48 63
48 73
48 81
48 89
48 104
48 105
48 107
48 109
48 116
48 121
48 123
48 124
48 132
48 143
49 52
49 57
49 65
49 78
49 79
49 82
49 87
49 90
49 92
49 95
49 96
49 97
49 100
49 102
49 103
49 106
49 108
49 111
49 122
49 136
49 138
49 140
49 141
49 146
50 55
50 64
50 67
50 69
50 70
50 71
50 80
50 85
50 86
50 118
50 120
50 125
50 126
50 128
50 142
50 145
50 149
50 150
51 62
51 68
51 76
51 83
51 88
51 91
51 93
51 99
51 101
51 112
51 113
51 114
51 117
51 135
51 139
51 147
51 148
52 57
52 65
52 78
52 79
52 82
52 87
52 90
52 92
52 95
52 96
52 97
52 100
52 102
52 103
52 106
52 108
52 111
52 122
52 136
52 138
52 140
52 141
52 146
53 58
53 60
53 61
53 66
53 72
53 74
53 75
53 77
53 84
53 94
53 98
53 110
53 115
53 119
53 127
53 129
53 130
53 131
53 133
53 134
53 137
53 144
54 56
54 59
54 63
54 73
54 81
54 89
54 104
54 105
54 107
54 109
54 116
54 121
54 123
54 124
54 132
54 143
55 64
55 67
55 69
55 70
55 71
55 80
55 85
55 86
55 118
55 120
55 125
55 126
55 128
55 142
55 145
55 149
55 150
56 59
56 63
56 73
56 81
56 89
56 104
56 105
56 107
56 109
56 116
56 121
56 123
56 124
56 132
56 143
57 65
57 78
57 79
57 82
57 87
57 90
57 92
57 95
57 96
57 97
57 100
57 102
57 103
57 106
57 108
57 111
57 122
57 136
57 138
57 140
57 141
57 146
58 60
58 61
58 66
58 72
58 74
58 75
58 77
58 84
58 94
58 98
58 110
58 115
58 119
58 127
58 129
58 130
58 131
58 133
58 134
58 137
58 144
59 63
59 73
59 81
59 89
59 104
59 105
59 107
59 109
59 116
59 121
59 123
59 124
59 132
59 143
60 61
60 66
60 72
60 74
60 75
60 77
60 84
60 94
60 98
60 110
60 115
60 119
60 127
60 129
60 130
60 131
60 133
60 134
60 137
60 144
61 66
61 72
61 74
61 75
61 77
61 84
61 94
61 98
61 110
61 115
61 119
61 127
61 129
61 130
61 131
61 133
61 134
61 137
61 144
62 68
62 76
62 83
62 88
62 91
62 93
62 99
62 101
62 112
62 113
62 114
62 117
62 135
62 139
62 147
62 148
63 73
63 81
63 89
63 104
63 105
63 107
63 109
63 116
63 121
63 123
63 124
63 132
63 143
64 67
64 69
64 70
64 71
64 80
64 85
64 86
64 118
64 120
64 125
64 126
64 128
64 142
64 145
64 149
64 150
65 78
65 79
65 82
65 87
65 90
65 92
65 95
65 96
65 97
65 100
65 102
65 103
65 106
65 108
65 111
65 122
65 136
65 138
65 140
65 141
65 146
66 72
66 74
66 75
66 77
66 84
66 94
66 98
66 110
66 115
66 119
66 127
66 129
66 130
66 131
66 133
66 134
66 137
66 144
67 69
67 70
67 71
67 80
67 85
67 86
67 118
67 120
67 125
67 126
67 128
67 142
67 145
67 149
67 150
68 76
68 83
68 88
68 91
68 93
68 99
68 101
68 112
68 113
68 114
68 117
68 135
68 139
68 147
68 148
69 70
69 71
69 80
69 85
69 86
69 118
69 120
69 125
69 126
69 128
69 142
69 145
69 149
69 150
70 71
70 80
70 85
70 86
70 118
70 120
70 125
70 126
70 128
70 142
70 145
70 149
70 150
71 80
71 85
71 86
71 118
71 120
71 125
71 126
71 128
71 142
71 145
71 149
71 150
72 74
72 75
72 77
72 84
72 94
72 98
72 110
72 115
72 119
72 127
72 129
72 130
72 131
72 133
72 134
72 137
72 144
73 81
73 89
73 104
73 105
73 107
73 109
73 116
73 121
73 123
73 124
73 132
73 143
74 75
74 77
74 84
74 94
74 98
74 110
74 115
74 119
74 127
74 129
74 130
74 131
74 133
74 134
74 137
74 144
75 77
75 84
75 94
75 98
75 110
75 115
75 119
75 127
75 129
75 130
75 131
75 133
75 134
75 137
75 144
76 83
76 88
76 91
76 93
76 99
76 101
76 112
76 113
76 114
76 117
76 135
76 139
76 147
76 148
77 84
77 94
77 98
77 110
77 115
77 119
77 127
77 129
77 130
77 131
77 133
77 134
77 137
77 144
78 79
78 82
78 87
78 90
78 92
78 95
78 96
78 97
78 100
78 102
78 103
78 106
78 108
78 111
78 122
78 136
78 138
78 140
78 141
78 146
79 82
79 87
79 90
79 92
79 95
79 96
79 97
79 100
79 102
79 103
79 106
79 108
79 111
79 122
79 136
79 138
79 140
79 141
79 146
80 85
80 86
80 118
80 120
80 125
80 126
80 128
80 142
80 145
80 149
80 150
81 89
81 104
81 105
81 107
81 109
81 116
81 121
81 123
81 124
81 132
81 143
82 87
82 90
82 92
82 95
82 96
82 97
82 100
82 102
82 103
82 106
82 108
82 111
82 122
82 136
82 138
82 140
82 141
82 146
83 88
83 91
83 93
83 99
83 101
83 112
83 113
83 114
83 117
83 135
83 139
83 147
83 148
84 94
84 98
84 110
84 115
84 119
84 127
84 129
84 130
84 131
84 133
84 134
84 137
84 144
85 86
85 118
85 120
85 125
85 126
85 128
85 142
85 145
85 149
85 150
86 118
86 120
86 125
86 126
86 128
86 142
86 145
86 149
86 150
87 90
87 92
87 95
87 96
87 97
87 100
87 102
87 103
87 106
87 108
87 111
87 122
87 136
87 138
87 140
87 141
87 146
88 91
88 93
88 99
88 101
88 112
88 113
88 114
88 117
88 135
88 139
88 147
88 148
89 104
89 105
89 107
89 109
89 116
89 121
89 123
89 124
89 132
89 143
90 92
90 95
90 96
90 97
90 100
90 102
90 103
90 106
90 108
90 111
90 122
90 136
90 138
90 140
90 141
90 146
91 93
91 99
91 101
91 112
91 113
91 114
91 117
91 135
91 139
91 147
91 148
92 95
92 96
92 97
92 100
92 102
92 103
92 106
92 108
92 111
92 122
92 136
92 138
92 140
92 141
92 146
93 99
93 101
93 112
93 113
93 114
93 117
93 135
93 139
93 147
93 148
94 98
94 110
94 115
94 119
94 127
94 129
94 130
94 131
94 133
94 134
94 137
94 144
95 96
95 97
95 100
95 102
95 103
95 106
95 108
95 111
95 122
95 136
95 138
95 140
95 141
95 146
96 97
96 100
96 102
96 103
96 106
96 108
96 111
96 122
96 136
96 138
96 140
96 141
96 146
97 100
97 102
97 103
97 106
97 108
97 111
97 122
97 136
97 138
97 140
97 141
97 146
98 110
98 115
98 119
98 127
98 129
98 130
98 131
98 133
98 134
98 137
98 144
99 101
99 112
99 113
99 114
99 117
99 135
99 139
99 147
99 148
100 102
100 103
100 106
100 108
100 111
100 122
100 136
100 138
100 140
100 141
100 146
101 112
101 113
101 114
101 117
101 135
101 139
101 147
101 148
102 103
102 106
102 108
102 111
102 122
102 136
102 138
102 140
102 141
102 146
103 106
103 108
103 111
103 122
103 136
103 138
103 140
103 141
103 146
104 105
104 107
104 109
104 116
104 121
104 123
104 124
104 132
104 143
105 107
105 109
105 116
105 121
105 123
105 124
105 132
105 143
106 108
106 111
106 122
106 136
106 138
106 140
106 141
106 146
107 109
107 116
107 121
107 123
107 124
107 132
107 143
108 111
108 122
108 136
108 138
108 140
108 141
108 146
109 116
109 121
109 123
109 124
109 132
109 143
110 115
110 119
110 127
110 129
110 130
110 131
110 133
110 134
110 137
110 144
111 122
111 136
111 138
111 140
111 141
111 146
112 113
112 114
112 117
112 135
112 139
112 147
112 148
113 114
113 117
113 135
113 139
113 147
113 148
114 117
114 135
114 139
114 147
114 148
115 119
115 127
115 129
115 130
115 131
115 133
115 134
115 137
115 144
116 121
116 123
116 124
116 132
116 143
117 135
117 139
117 147
117 148
118 120
118 125
118 126
118 128
118 142
118 145
118 149
118 150
119 127
119 129
119 130
119 131
119 133
119 134
119 137
119 144
120 125
120 126
120 128
120 142
120 145
120 149
120 150
121 123
121 124
121 132
121 143
122 136
122 138
122 140
122 141
122 146
123 124
123 132
123 143
124 132
124 143
125 126
125 128
125 142
125 145
125 149
125 150
126 128
126 142
126 145
126 149
126 150
127 129
127 130
127 131
127 133
127 134
127 137
127 144
128 142
128 145
128 149
128 150
129 130
129 131
129 133
129 134
129 137
129 144
130 131
130 133
130 134
130 137
130 144
131 133
131 134
131 137
131 144
132 143
133 134
133 137
133 144
134 137
134 144
135 139
135 147
135 148
136 138
136 140
136 141
136 146
137 144
138 140
138 141
138 146
139 147
139 148
140 141
140 146
141 146
142 145
142 149
142 150
145 149
145 150
147 148
149 150
120 6
120 97
120 11
120 65
120 82
120 136
120 96
120 100
120 8
120 138
120 87
120 95
120 12
120 111
120 40
120 103
120 102
120 1
120 46
120 41
120 90
120 108
120 146
120 31
120 37
120 21
120 79
120 19
120 20
120 30
120 33
120 52
120 140
120 49
120 106
120 78
120 92
120 141
120 122
120 3
120 57
29 6
29 97
29 11
29 65
29 82
29 136
29 96
29 100
29 8
29 138
29 87
29 95
29 12
29 111
29 40
29 103
29 102
29 1
29 46
29 41
29 90
29 108
29 146
29 31
29 37
29 21
29 79
29 19
29 20
29 30
29 33
29 52
29 140
29 49
29 106
29 78
29 92
29 141
29 122
29 3
29 57
120 143
120 59
120 73
120 81
120 109
120 107
120 56
120 116
120 123
120 7
120 43
120 63
120 48
120 104
120 25
120 18
120 105
120 54
120 89
120 124
120 14
120 132
120 121
120 9
92 129
92 72
92 137
92 4
92 74
92 2
92 119
92 10
92 17
92 47
92 144
92 16
92 35
92 127
92 98
92 61
92 75
92 29
92 133
92 115
92 53
92 130
92 110
92 84
92 60
92 134
92 58
92 77
92 66
92 28
92 32
92 94
92 131
92 23
92 26
141 68
141 135
141 112
141 38
141 93
141 148
141 88
141 13
141 139
141 76
141 113
141 117
141 42
141 114
141 99
141 15
141 51
141 83
141 147
141 62
141 91
141 101
21 129
21 72
21 137
21 4
21 74
21 2
21 119
21 10
21 17
21 47
21 144
21 16
21 35
21 127
21 98
21 61
21 75
21 29
21 133
21 115
21 53
21 130
21 110
21 84
21 60
21 134
21 58
21 77
21 66
21 28
21 32
21 94
21 131
21 23
21 26
10 125
10 86
10 120
10 44
10 39
10 24
10 85
10 70
10 145
10 34
10 22
10 149
10 80
10 128
10 50
10 142
10 69
10 45
10 55
10 36
10 150
10 5
10 126
10 71
10 64
10 27
10 67
10 118
98 68
98 135
98 112
98 38
98 93
98 148
98 88
98 13
98 139
98 76
98 113
98 117
98 42
98 114
98 99
98 15
98 51
98 83
98 147
98 62
98 91
98 101
112 6
112 97
112 11
112 65
112 82
112 136
112 96
112 100
112 8
112 138
112 87
112 95
112 12
112 111
112 40
112 103
112 102
112 1
112 46
112 41
112 90
112 108
112 146
112 31
112 37
112 21
112 79
112 19
112 20
112 30
112 33
112 52
112 140
112 49
112 106
112 78
112 92
112 141
112 122
112 3
112 57
26 125
26 86
26 120
26 44
26 39
26 24
26 85
26 70
26 145
26 34
26 22
26 149
26 80
26 128
26 50
26 142
26 69
26 45
26 55
26 36
26 150
26 5
26 126
26 71
26 64
26 27
26 67
26 118
7 6
7 97
7 11
7 65
7 82
7 136
7 96
7 100
7 8
7 138
7 87
7 95
7 12
7 111
7 40
7 103
7 102
7 1
7 46
7 41
7 90
7 108
7 146
7 31
7 37
7 21
7 79
7 19
7 20
7 30
7 33
7 52
7 140
7 49
7 106
7 78
7 92
7 141
7 122
7 3
7 57
46 125
46 86
46 120
46 44
46 39
46 24
46 85
46 70
46 145
46 34
46 22
46 149
46 80
46 128
46 50
46 142
46 69
46 45
46 55
46 36
46 150
46 5
46 126
46 71
46 64
46 27
46 67
46 118
42 143
42 59
42 73
42 81
42 109
42 107
42 56
42 116
42 123
42 7
42 43
42 63
42 48
42 104
42 25
42 18
42 105
42 54
42 89
42 124
42 14
42 132
42 121
42 9
86 68
86 135
86 112
86 38
86 93
86 148
86 88
86 13
86 139
86 76
86 113
86 117
86 42
86 114
86 99
86 15
86 51
86 83
86 147
86 62
86 91
86 101
58 68
58 135
58 112
58 38
58 93
58 148
58 88
58 13
58 139
58 76
58 113
58 117
58 42
58 114
58 99
58 15
58 51
58 83
58 147
58 62
58 91
58 101
97 125
97 86
97 120
97 44
97 39
97 24
97 85
97 70
97 145
97 34
97 22
97 149
97 80
97 128
97 50
97 142
97 69
97 45
97 55
97 36
97 150
97 5
97 126
97 71
97 64
97 27
97 67
97 118
58 6
58 97
58 11
58 65
58 82
58 136
58 96
58 100
58 8
58 138
58 87
58 95
58 12
58 111
58 40
58 103
58 102
58 1
58 46
58 41
58 90
58 108
58 146
58 31
58 37
58 21
58 79
58 19
58 20
58 30
58 33
58 52
58 140
58 49
58 106
58 78
58 92
58 141
58 122
58 3
58 57
89 129
89 72
89 137
89 4
89 74
89 2
89 119
89 10
89 17
89 47
89 144
89 16
89 35
89 127
89 98
89 61
89 75
89 29
89 133
89 115
89 53
89 130
89 110
89 84
89 60
89 134
89 58
89 77
89 66
89 28
89 32
89 94
89 131
89 23
89 26
106 143
106 59
106 73
106 81
106 109
106 107
106 56
106 116
106 123
106 7
106 43
106 63
106 48
106 104
106 25
106 18
106 105
106 54
106 89
106 124
106 14
106 132
106 121
106 9
109 6
109 97
109 11
109 65
109 82
109 136
109 96
109 100
109 8
109 138
109 87
109 95
109 12
109 111
109 40
109 103
109 102
109 1
109 46
109 41
109 90
109 108
109 146
109 31
109 37
109 21
109 79
109 19
109 20
109 30
109 33
109 52
109 140
109 49
109 106
109 78
109 92
109 141
109 122
109 3
109 57
42 129
42 72
42 137
42 4
42 74
42 2
42 119
42 10
42 17
42 47
42 144
42 16
42 35
42 127
42 98
42 61
42 75
42 29
42 133
42 115
42 53
42 130
42 110
42 84
42 60
42 134
42 58
42 77
42 66
42 28
42 32
42 94
42 131
42 23
42 26
43 6
43 97
43 11
43 65
43 82
43 136
43 96
43 100
43 8
43 138
43 87
43 95
43 12
43 111
43 40
43 103
43 102
43 1
43 46
43 41
43 90
43 108
43 146
43 31
43 37
43 21
43 79
43 19
43 20
43 30
43 33
43 52
43 140
43 49
43 106
43 78
43 92
43 141
43 122
43 3
43 57
86 6
86 97
86 11
86 65
86 82
86 136
86 96
86 100
86 8
86 138
86 87
86 95
86 12
86 111
86 40
86 103
86 102
86 1
86 46
86 41
86 90
86 108
86 146
86 31
86 37
86 21
86 79
86 19
86 20
86 30
86 33
86 52
86 140
86 49
86 106
86 78
86 92
86 141
86 122
86 3
86 57
86 68
86 135
86 112
86 38
86 93
86 148
86 88
86 13
86 139
86 76
86 113
86 117
86 42
86 114
86 99
86 15
86 51
86 83
86 147
86 62
86 91
86 101
125 6
125 97
125 11
125 65
125 82
125 136
125 96
125 100
125 8
125 138
125 87
125 95
125 12
125 111
125 40
125 103
125 102
125 1
125 46
125 41
125 90
125 108
125 146
125 31
125 37
125 21
125 79
125 19
125 20
125 30
125 33
125 52
125 140
125 49
125 106
125 78
125 92
125 141
125 122
125 3
125 57
37 68
37 135
37 112
37 38
37 93
37 148
37 88
37 13
37 139
37 76
37 113
37 117
37 42
37 114
37 99
37 15
37 51
37 83
37 147
37 62
37 91
37 101
55 6
55 97
55 11
55 65
55 82
55 136
55 96
55 100
55 8
55 138
55 87
55 95
55 12
55 111
55 40
55 103
55 102
55 1
55 46
55 41
55 90
55 108
55 146
55 31
55 37
55 21
55 79
55 19
55 20
55 30
55 33
55 52
55 140
55 49
55 106
55 78
55 92
55 141
55 122
55 3
55 57
33 125
33 86
33 120
33 44
33 39
33 24
33 85
33 70
33 145
33 34
33 22
33 149
33 80
33 128
33 50
33 142
33 69
33 45
33 55
33 36
33 150
33 5
33 126
33 71
33 64
33 27
33 67
33 118
73 129
73 72
73 137
73 4
73 74
73 2
73 119
73 10
73 17
73 47
73 144
73 16
73 35
73 127
73 98
73 61
73 75
73 29
73 133
73 115
73 53
73 130
73 110
73 84
73 60
73 134
73 58
73 77
73 66
73 28
73 32
73 94
73 131
73 23
73 26
147 125
147 86
147 120
147 44
147 39
147 24
147 85
147 70
147 145
147 34
147 22
147 149
147 80
147 128
147 50
147 142
147 69
147 45
147 55
147 36
147 150
147 5
147 126
147 71
147 64
147 27
147 67
147 118
67 6
67 97
67 11
67 65
67 82
67 136
67 96
67 100
67 8
67 138
67 87
67 95
67 12
67 111
67 40
67 103
67 102
67 1
67 46
67 41
67 90
67 108
67 146
67 31
67 37
67 21
67 79
67 19
67 20
67 30
67 33
67 52
67 140
67 49
67 106
67 78
67 92
67 141
67 122
67 3
67 57
18 68
18 135
18 112
18 38
18 93
18 148
18 88
18 13
18 139
18 76
18 113
18 117
18 42
18 114
18 99
18 15
18 51
18 83
18 147
18 62
18 91
18 101
131 143
131 59
131 73
131 81
131 109
131 107
131 56
131 116
131 123
131 7
131 43
131 63
131 48
131 104
131 25
131 18
131 105
131 54
131 89
131 124
131 14
131 132
131 121
131 9
50 129
50 72
50 137
50 4
50 74
50 2
50 119
50 10
50 17
50 47
50 144
50 16
50 35
50 127
50 98
50 61
50 75
50 29
50 133
50 115
50 53
50 130
50 110
50 84
50 60
50 134
50 58
50 77
50 66
50 28
50 32
50 94
50 131
50 23
50 26
76 129
76 72
76 137
76 4
76 74
76 2
76 119
76 10
76 17
76 47
76 144
76 16
76 35
76 127
76 98
76 61
76 75
76 29
76 133
76 115
76 53
76 130
76 110
76 84
76 60
76 134
76 58
76 77
76 66
76 28
76 32
76 94
76 131
76 23
76 26
17 68
17 135
17 112
17 38
17 93
17 148
17 88
17 13
17 139
17 76
17 113
17 117
17 42
17 114
17 99
17 15
17 51
17 83
17 147
17 62
17 91
17 101
137 68
137 135
137 112
137 38
137 93
137 148
137 88
137 13
137 139
137 76
137 113
137 117
137 42
137 114
137 99
137 15
137 51
137 83
137 147
137 62
137 91
137 101
114 143
114 59
114 73
114 81
114 109
114 107
114 56
114 116
114 123
114 7
114 43
114 63
114 48
114 104
114 25
114 18
114 105
114 54
114 89
114 124
114 14
114 132
114 121
114 9
37 129
37 72
37 137
37 4
37 74
37 2
37 119
37 10
37 17
37 47
37 144
37 16
37 35
37 127
37 98
37 61
37 75
37 29
37 133
37 115
37 53
37 130
37 110
37 84
37 60
37 134
37 58
37 77
37 66
37 28
37 32
37 94
37 131
37 23
37 26
142 143
142 59
142 73
142 81
142 109
142 107
142 56
142 116
142 123
142 7
142 43
142 63
142 48
142 104
142 25
142 18
142 105
142 54
142 89
142 124
142 14
142 132
142 121
142 9
120 68
120 135
120 112
120 38
120 93
120 148
120 88
120 13
120 139
120 76
120 113
120 117
120 42
120 114
120 99
120 15
120 51
120 83
120 147
120 62
120 91
120 101
91 143
91 59
91 73
91 81
91 109
91 107
91 56
91 116
91 123
91 7
91 43
91 63
91 48
91 104
91 25
91 18
91 105
91 54
91 89
91 124
91 14
91 132
91 121
91 9
135 6
135 97
135 11
135 65
135 82
135 136
135 96
135 100
135 8
135 138
135 87
135 95
135 12
135 111
135 40
135 103
135 102
135 1
135 46
135 41
135 90
135 108
135 146
135 31
135 37
135 21
135 79
135 19
135 20
135 30
135 33
135 52
135 140
135 49
135 106
135 78
135 92
135 141
135 122
135 3
135 57
23 143
23 59
23 73
23 81
23 109
23 107
23 56
23 116
23 123
23 7
23 43
23 63
23 48
23 104
23 25
23 18
23 105
23 54
23 89
23 124
23 14
23 132
23 121
23 9
113 129
113 72
113 137
113 4
113 74
113 2
113 119
113 10
113 17
113 47
113 144
113 16
113 35
113 127
113 98
113 61
113 75
113 29
113 133
113 115
113 53
113 130
113 110
113 84
113 60
113 134
113 58
113 77
113 66
113 28
113 32
113 94
113 131
113 23
113 26
125 68
125 135
125 112
125 38
125 93
125 148
125 88
125 13
125 139
125 76
125 113
125 117
125 42
125 114
125 99
125 15
125 51
125 83
125 147
125 62
125 91
125 101
111 129
111 72
111 137
111 4
111 74
111 2
111 119
111 10
111 17
111 47
111 144
111 16
111 35
111 127
111 98
111 61
111 75
111 29
111 133
111 115
111 53
111 130
111 110
111 84
111 60
111 134
111 58
111 77
111 66
111 28
111 32
111 94
111 131
111 23
111 26
9 68
9 135
9 112
9 38
9 93
9 148
9 88
9 13
9 139
9 76
9 113
9 117
9 42
9 114
9 99
9 15
9 51
9 83
9 147
9 62
9 91
9 101
61 125
61 86
61 120
61 44
61 39
61 24
61 85
61 70
61 145
61 34
61 22
61 149
61 80
61 128
61 50
61 142
61 69
61 45
61 55
61 36
61 150
61 5
61 126
61 71
61 64
61 27
61 67
61 118
37 143
37 59
37 73
37 81
37 109
37 107
37 56
37 116
37 123
37 7
37 43
37 63
37 48
37 104
37 25
37 18
37 105
37 54
37 89
37 124
37 14
37 132
37 121
37 9
14 6
14 97
14 11
14 65
14 82
14 136
14 96
14 100
14 8
14 138
14 87
14 95
14 12
14 111
14 40
14 103
14 102
14 1
14 46
14 41
14 90
14 108
14 146
14 31
14 37
14 21
14 79
14 19
14 20
14 30
14 33
14 52
14 140
14 49
14 106
14 78
14 92
14 141
14 122
14 3
14 57
121 129
121 72
121 137
121 4
121 74
121 2
121 119
121 10
121 17
121 47
121 144
121 16
121 35
121 127
121 98
121 61
121 75
121 29
121 133
121 115
121 53
121 130
121 110
121 84
121 60
121 134
121 58
121 77
121 66
121 28
121 32
121 94
121 131
121 23
121 26
1 125
1 86
1 120
1 44
1 39
1 24
1 85
1 70
1 145
1 34
1 22
1 149
1 80
1 128
1 50
1 142
1 69
1 45
1 55
1 36
1 150
1 5
1 126
1 71
1 64
1 27
1 67
1 118
114 143
114 59
114 73
114 81
114 109
114 107
114 56
114 116
114 123
114 7
114 43
114 63
114 48
114 104
114 25
114 18
114 105
114 54
114 89
114 124
114 14
114 132
114 121
114 9
119 68
119 135
119 112
119 38
119 93
119 148
119 88
119 13
119 139
119 76
119 113
119 117
119 42
119 114
119 99
119 15
119 51
119 83
119 147
119 62
119 91
119 101
129 6
129 97
129 11
129 65
129 82
129 136
129 96
129 100
129 8
129 138
129 87
129 95
129 12
129 111
129 40
129 103
129 102
129 1
129 46
129 41
129 90
129 108
129 146
129 31
129 37
129 21
129 79
129 19
129 20
129 30
129 33
129 52
129 140
129 49
129 106
129 78
129 92
129 141
129 122
129 3
129 57
6 68
6 135
6 112
6 38
6 93
6 148
6 88
6 13
6 139
6 76
6 113
6 117
6 42
6 114
6 99
6 15
6 51
6 83
6 147
6 62
6 91
6 101
139 143
139 59
139 73
139 81
139 109
139 107
139 56
139 116
139 123
139 7
139 43
139 63
139 48
139 104
139 25
139 18
139 105
139 54
139 89
139 124
139 14
139 132
139 121
139 9
12 143
12 59
12 73
12 81
12 109
12 107
12 56
12 116
12 123
12 7
12 43
12 63
12 48
12 104
12 25
12 18
12 105
12 54
12 89
12 124
12 14
12 132
12 121
12 9
97 143
97 59
97 73
97 81
97 109
97 107
97 56
97 116
97 123
97 7
97 43
97 63
97 48
97 104
97 25
97 18
97 105
97 54
97 89
97 124
97 14
97 132
97 121
97 9
