160
7696
1 5
1 6
1 8
1 10
1 13
1 16
1 18
1 24
1 27
1 35
1 36
1 41
1 44
1 45
1 47
1 48
1 49
1 50
1 51
1 56
1 62
1 63
1 66
1 67
1 73
1 75
1 76
1 77
1 83
1 84
1 87
1 94
1 98
1 102
1 104
1 105
1 107
1 109
1 110
1 111
1 115
1 119
1 128
1 130
1 132
1 133
1 135
1 137
1 140
1 142
1 146
1 148
1 152
1 154
1 156
1 157
2 3
2 4
2 7
2 9
2 11
2 12
2 14
2 15
2 17
2 19
2 20
2 21
2 22
2 23
2 25
2 26
2 28
2 29
2 30
2 31
2 32
2 33
2 34
2 37
2 38
2 39
2 40
2 42
2 43
2 46
2 52
2 53
2 54
2 55
2 57
2 58
2 59
2 60
2 61
2 64
2 65
2 68
2 69
2 70
2 71
2 72
2 74
2 78
2 79
2 80
2 81
2 82
2 85
2 86
2 88
2 89
2 90
2 91
2 92
2 93
2 95
2 96
2 97
2 99
2 100
2 101
2 103
2 106
2 108
2 112
2 113
2 114
2 116
2 117
2 118
2 120
2 121
2 122
2 123
2 124
2 125
2 126
2 127
2 129
2 131
2 134
2 136
2 138
2 139
2 141
2 143
2 144
2 145
2 147
2 149
2 150
2 151
2 153
2 155
2 158
2 159
2 160
3 4
3 7
3 9
3 11
3 12
3 14
3 15
3 17
3 19
3 20
3 21
3 22
3 23
3 25
3 26
3 28
3 29
3 30
3 31
3 32
3 33
3 34
3 37
3 38
3 39
3 40
3 42
3 43
3 46
3 52
3 53
3 54
3 55
3 57
3 58
3 59
3 60
3 61
3 64
3 65
3 68
3 69
3 70
3 71
3 72
3 74
3 78
3 79
3 80
3 81
3 82
3 85
3 86
3 88
3 89
3 90
3 91
3 92
3 93
3 95
3 96
3 97
3 99
3 100
3 101
3 103
3 106
3 108
3 112
3 113
3 114
3 116
3 117
3 118
3 120
3 121
3 122
3 123
3 124
3 125
3 126
3 127
3 129
3 131
3 134
3 136
3 138
3 139
3 141
3 143
3 144
3 145
3 147
3 149
3 150
3 151
3 153
3 155
3 158
3 159
3 160
4 7
4 9
4 11
4 12
4 14
4 15
4 17
4 19
4 20
4 21
4 22
4 23
4 25
4 26
4 28
4 29
4 30
4 31
4 32
4 33
4 34
4 37
4 38
4 39
4 40
4 42
4 43
4 46
4 52
4 53
4 54
4 55
4 57
4 58
4 59
4 60
4 61
4 64
4 65
4 68
4 69
4 70
4 71
4 72
4 74
4 78
4 79
4 80
4 81
4 82
4 85
4 86
4 88
4 89
4 90
4 91
4 92
4 93
4 95
4 96
4 97
4 99
4 100
4 101
4 103
4 106
4 108
4 112
4 113
4 114
4 116
4 117
4 118
4 120
4 121
4 122
4 123
4 124
4 125
4 126
4 127
4 129
4 131
4 134
4 136
4 138
4 139
4 141
4 143
4 144
4 145
4 147
4 149
4 150
4 151
4 153
4 155
4 158
4 159
4 160
5 6
5 8
5 10
5 13
5 16
5 18
5 24
5 27
5 35
5 36
5 41
5 44
5 45
5 47
5 48
5 49
5 50
5 51
5 56
5 62
5 63
5 66
5 67
5 73
5 75
5 76
5 77
5 83
5 84
5 87
5 94
5 98
5 102
5 104
5 105
5 107
5 109
5 110
5 111
5 115
5 119
5 128
5 130
5 132
5 133
5 135
5 137
5 140
5 142
5 146
5 148
5 152
5 154
5 156
5 157
6 8
6 10
6 13
6 16
6 18
6 24
6 27
6 35
6 36
6 41
6 44
6 45
6 47
6 48
6 49
6 50
6 51
6 56
6 62
6 63
6 66
6 67
6 73
6 75
6 76
6 77
6 83
6 84
6 87
6 94
6 98
6 102
6 104
6 105
6 107
6 109
6 110
6 111
6 115
6 119
6 128
6 130
6 132
6 133
6 135
6 137
6 140
6 142
6 146
6 148
6 152
6 154
6 156
6 157
7 9
7 11
7 12
7 14
7 15
7 17
7 19
7 20
7 21
7 22
7 23
7 25
7 26
7 28
7 29
7 30
7 31
7 32
7 33
7 34
7 37
7 38
7 39
7 40
7 42
7 43
7 46
7 52
7 53
7 54
7 55
7 57
7 58
7 59
7 60
7 61
7 64
7 65
7 68
7 69
7 70
7 71
7 72
7 74
7 78
7 79
7 80
7 81
7 82
7 85
7 86
7 88
7 89
7 90
7 91
7 92
7 93
7 95
7 96
7 97
7 99
7 100
7 101
7 103
7 106
7 108
7 112
7 113
7 114
7 116
7 117
7 118
7 120
7 121
7 122
7 123
7 124
7 125
7 126
7 127
7 129
7 131
7 134
7 136
7 138
7 139
7 141
7 143
7 144
7 145
7 147
7 149
7 150
7 151
7 153
7 155
7 158
7 159
7 160
8 10
8 13
8 16
8 18
8 24
8 27
8 35
8 36
8 41
8 44
8 45
8 47
8 48
8 49
8 50
8 51
8 56
8 62
8 63
8 66
8 67
8 73
8 75
8 76
8 77
8 83
8 84
8 87
8 94
8 98
8 102
8 104
8 105
8 107
8 109
8 110
8 111
8 115
8 119
8 128
8 130
8 132
8 133
8 135
8 137
8 140
8 142
8 146
8 148
8 152
8 154
8 156
8 157
9 11
9 12
9 14
9 15
9 17
9 19
9 20
9 21
9 22
9 23
9 25
9 26
9 28
9 29
9 30
9 31
9 32
9 33
9 34
9 37
9 38
9 39
9 40
9 42
9 43
9 46
9 52
9 53
9 54
9 55
9 57
9 58
9 59
9 60
9 61
9 64
9 65
9 68
9 69
9 70
9 71
9 72
9 74
9 78
9 79
9 80
9 81
9 82
9 85
9 86
9 88
9 89
9 90
9 91
9 92
9 93
9 95
9 96
9 97
9 99
9 100
9 101
9 103
9 106
9 108
9 112
9 113
9 114
9 116
9 117
9 118
9 120
9 121
9 122
9 123
9 124
9 125
9 126
9 127
9 129
9 131
9 134
9 136
9 138
9 139
9 141
9 143
9 144
9 145
9 147
9 149
9 150
9 151
9 153
9 155
9 158
9 159
9 160
10 13
10 16
10 18
10 24
10 27
10 35
10 36
10 41
10 44
10 45
10 47
10 48
10 49
10 50
10 51
10 56
10 62
10 63
10 66
10 67
10 73
10 75
10 76
10 77
10 83
10 84
10 87
10 94
10 98
10 102
10 104
10 105
10 107
10 109
10 110
10 111
10 115
10 119
10 128
10 130
10 132
10 133
10 135
10 137
10 140
10 142
10 146
10 148
10 152
10 154
10 156
10 157
11 12
11 14
11 15
11 17
11 19
11 20
11 21
11 22
11 23
11 25
11 26
11 28
11 29
11 30
11 31
11 32
11 33
11 34
11 37
11 38
11 39
11 40
11 42
11 43
11 46
11 52
11 53
11 54
11 55
11 57
11 58
11 59
11 60
11 61
11 64
11 65
11 68
11 69
11 70
11 71
11 72
11 74
11 78
11 79
11 80
11 81
11 82
11 85
11 86
11 88
11 89
11 90
11 91
11 92
11 93
11 95
11 96
11 97
11 99
11 100
11 101
11 103
11 106
11 108
11 112
11 113
11 114
11 116
11 117
11 118
11 120
11 121
11 122
11 123
11 124
11 125
11 126
11 127
11 129
11 131
11 134
11 136
11 138
11 139
11 141
11 143
11 144
11 145
11 147
11 149
11 150
11 151
11 153
11 155
11 158
11 159
11 160
12 14
12 15
12 17
12 19
12 20
12 21
12 22
12 23
12 25
12 26
12 28
12 29
12 30
12 31
12 32
12 33
12 34
12 37
12 38
12 39
12 40
12 42
12 43
12 46
12 52
12 53
12 54
12 55
12 57
12 58
12 59
12 60
12 61
12 64
12 65
12 68
12 69
12 70
12 71
12 72
12 74
12 78
12 79
12 80
12 81
12 82
12 85
12 86
12 88
12 89
12 90
12 91
12 92
12 93
12 95
12 96
12 97
12 99
12 100
12 101
12 103
12 106
12 108
12 112
12 113
12 114
12 116
12 117
12 118
12 120
12 121
12 122
12 123
12 124
12 125
12 126
12 127
12 129
12 131
12 134
12 136
12 138
12 139
12 141
12 143
12 144
12 145
12 147
12 149
12 150
12 151
12 153
12 155
12 158
12 159
12 160
13 16
13 18
13 24
13 27
13 35
13 36
13 41
13 44
13 45
13 47
13 48
13 49
13 50
13 51
13 56
13 62
13 63
13 66
13 67
13 73
13 75
13 76
13 77
13 83
13 84
13 87
13 94
13 98
13 102
13 104
13 105
13 107
13 109
13 110
13 111
13 115
13 119
13 128
13 130
13 132
13 133
13 135
13 137
13 140
13 142
13 146
13 148
13 152
13 154
13 156
13 157
14 15
14 17
14 19
14 20
14 21
14 22
14 23
14 25
14 26
14 28
14 29
14 30
14 31
14 32
14 33
14 34
14 37
14 38
14 39
14 40
14 42
14 43
14 46
14 52
14 53
14 54
14 55
14 57
14 58
14 59
14 60
14 61
14 64
14 65
14 68
14 69
14 70
14 71
14 72
14 74
14 78
14 79
14 80
14 81
14 82
14 85
14 86
14 88
14 89
14 90
14 91
14 92
14 93
14 95
14 96
14 97
14 99
14 100
14 101
14 103
14 106
14 108
14 112
14 113
14 114
14 116
14 117
14 118
14 120
14 121
14 122
14 123
14 124
14 125
14 126
14 127
14 129
14 131
14 134
14 136
14 138
14 139
14 141
14 143
14 144
14 145
14 147
14 149
14 150
14 151
14 153
14 155
14 158
14 159
14 160
15 17
15 19
15 20
15 21
15 22
15 23
15 25
15 26
15 28
15 29
15 30
15 31
15 32
15 33
15 34
15 37
15 38
15 39
15 40
15 42
15 43
15 46
15 52
15 53
15 54
15 55
15 57
15 58
15 59
15 60
15 61
15 64
15 65
15 68
15 69
15 70
15 71
15 72
15 74
15 78
15 79
15 80
15 81
15 82
15 85
15 86
15 88
15 89
15 90
15 91
15 92
15 93
15 95
15 96
15 97
15 99
15 100
15 101
15 103
15 106
15 108
15 112
15 113
15 114
15 116
15 117
15 118
15 120
15 121
15 122
15 123
15 124
15 125
15 126
15 127
15 129
15 131
15 134
15 136
15 138
15 139
15 141
15 143
15 144
15 145
15 147
15 149
15 150
15 151
15 153
15 155
15 158
15 159
15 160
16 18
16 24
16 27
16 35
16 36
16 41
16 44
16 45
16 47
16 48
16 49
16 50
16 51
16 56
16 62
16 63
16 66
16 67
16 73
16 75
16 76
16 77
16 83
16 84
16 87
16 94
16 98
16 102
16 104
16 105
16 107
16 109
16 110
16 111
16 115
16 119
16 128
16 130
16 132
16 133
16 135
16 137
16 140
16 142
16 146
16 148
16 152
16 154
16 156
16 157
17 19
17 20
17 21
17 22
17 23
17 25
17 26
17 28
17 29
17 30
17 31
17 32
17 33
17 34
17 37
17 38
17 39
17 40
17 42
17 43
17 46
17 52
17 53
17 54
17 55
17 57
17 58
17 59
17 60
17 61
17 64
17 65
17 68
17 69
17 70
17 71
17 72
17 74
17 78
17 79
17 80
17 81
17 82
17 85
17 86
17 88
17 89
17 90
17 91
17 92
17 93
17 95
17 96
17 97
17 99
17 100
17 101
17 103
17 106
17 108
17 112
17 113
17 114
17 116
17 117
17 118
17 120
17 121
17 122
17 123
17 124
17 125
17 126
17 127
17 129
17 131
17 134
17 136
17 138
17 139
17 141
17 143
17 144
17 145
17 147
17 149
17 150
17 151
17 153
17 155
17 158
17 159
17 160
18 24
18 27
18 35
18 36
18 41
18 44
18 45
18 47
18 48
18 49
18 50
18 51
18 56
18 62
18 63
18 66
18 67
18 73
18 75
18 76
18 77
18 83
18 84
18 87
18 94
18 98
18 102
18 104
18 105
18 107
18 109
18 110
18 111
18 115
18 119
18 128
18 130
18 132
18 133
18 135
18 137
18 140
18 142
18 146
18 148
18 152
18 154
18 156
18 157
19 20
19 21
19 22
19 23
19 25
19 26
19 28
19 29
19 30
19 31
19 32
19 33
19 34
19 37
19 38
19 39
19 40
19 42
19 43
19 46
19 52
19 53
19 54
19 55
19 57
19 58
19 59
19 60
19 61
19 64
19 65
19 68
19 69
19 70
19 71
19 72
19 74
19 78
19 79
19 80
19 81
19 82
19 85
19 86
19 88
19 89
19 90
19 91
19 92
19 93
19 95
19 96
19 97
19 99
19 100
19 101
19 103
19 106
19 108
19 112
19 113
19 114
19 116
19 117
19 118
19 120
19 121
19 122
19 123
19 124
19 125
19 126
19 127
19 129
19 131
19 134
19 136
19 138
19 139
19 141
19 143
19 144
19 145
19 147
19 149
19 150
19 151
19 153
19 155
19 158
19 159
19 160
20 21
20 22
20 23
20 25
20 26
20 28
20 29
20 30
20 31
20 32
20 33
20 34
20 37
20 38
20 39
20 40
20 42
20 43
20 46
20 52
20 53
20 54
20 55
20 57
20 58
20 59
20 60
20 61
20 64
20 65
20 68
20 69
20 70
20 71
20 72
20 74
20 78
20 79
20 80
20 81
20 82
20 85
20 86
20 88
20 89
20 90
20 91
20 92
20 93
20 95
20 96
20 97
20 99
20 100
20 101
20 103
20 106
20 108
20 112
20 113
20 114
20 116
20 117
20 118
20 120
20 121
20 122
20 123
20 124
20 125
20 126
20 127
20 129
20 131
20 134
20 136
20 138
20 139
20 141
20 143
20 144
20 145
20 147
20 149
20 150
20 151
20 153
20 155
20 158
20 159
20 160
21 22
21 23
21 25
21 26
21 28
21 29
21 30
21 31
21 32
21 33
21 34
21 37
21 38
21 39
21 40
21 42
21 43
21 46
21 52
21 53
21 54
21 55
21 57
21 58
21 59
21 60
21 61
21 64
21 65
21 68
21 69
21 70
21 71
21 72
21 74
21 78
21 79
21 80
21 81
21 82
21 85
21 86
21 88
21 89
21 90
21 91
21 92
21 93
21 95
21 96
21 97
21 99
21 100
21 101
21 103
21 106
21 108
21 112
21 113
21 114
21 116
21 117
21 118
21 120
21 121
21 122
21 123
21 124
21 125
21 126
21 127
21 129
21 131
21 134
21 136
21 138
21 139
21 141
21 143
21 144
21 145
21 147
21 149
21 150
21 151
21 153
21 155
21 158
21 159
21 160
22 23
22 25
22 26
22 28
22 29
22 30
22 31
22 32
22 33
22 34
22 37
22 38
22 39
22 40
22 42
22 43
22 46
22 52
22 53
22 54
22 55
22 57
22 58
22 59
22 60
22 61
22 64
22 65
22 68
22 69
22 70
22 71
22 72
22 74
22 78
22 79
22 80
22 81
22 82
22 85
22 86
22 88
22 89
22 90
22 91
22 92
22 93
22 95
22 96
22 97
22 99
22 100
22 101
22 103
22 106
22 108
22 112
22 113
22 114
22 116
22 117
22 118
22 120
22 121
22 122
22 123
22 124
22 125
22 126
22 127
22 129
22 131
22 134
22 136
22 138
22 139
22 141
22 143
22 144
22 145
22 147
22 149
22 150
22 151
22 153
22 155
22 158
22 159
22 160
23 25
23 26
23 28
23 29
23 30
23 31
23 32
23 33
23 34
23 37
23 38
23 39
23 40
23 42
23 43
23 46
23 52
23 53
23 54
23 55
23 57
23 58
23 59
23 60
23 61
23 64
23 65
23 68
23 69
23 70
23 71
23 72
23 74
23 78
23 79
23 80
23 81
23 82
23 85
23 86
23 88
23 89
23 90
23 91
23 92
23 93
23 95
23 96
23 97
23 99
23 100
23 101
23 103
23 106
23 108
23 112
23 113
23 114
23 116
23 117
23 118
23 120
23 121
23 122
23 123
23 124
23 125
23 126
23 127
23 129
23 131
23 134
23 136
23 138
23 139
23 141
23 143
23 144
23 145
23 147
23 149
23 150
23 151
23 153
23 155
23 158
23 159
23 160
24 27
24 35
24 36
24 41
24 44
24 45
24 47
24 48
24 49
24 50
24 51
24 56
24 62
24 63
24 66
24 67
24 73
24 75
24 76
24 77
24 83
24 84
24 87
24 94
24 98
24 102
24 104
24 105
24 107
24 109
24 110
24 111
24 115
24 119
24 128
24 130
24 132
24 133
24 135
24 137
24 140
24 142
24 146
24 148
24 152
24 154
24 156
24 157
25 26
25 28
25 29
25 30
25 31
25 32
25 33
25 34
25 37
25 38
25 39
25 40
25 42
25 43
25 46
25 52
25 53
25 54
25 55
25 57
25 58
25 59
25 60
25 61
25 64
25 65
25 68
25 69
25 70
25 71
25 72
25 74
25 78
25 79
25 80
25 81
25 82
25 85
25 86
25 88
25 89
25 90
25 91
25 92
25 93
25 95
25 96
25 97
25 99
25 100
25 101
25 103
25 106
25 108
25 112
25 113
25 114
25 116
25 117
25 118
25 120
25 121
25 122
25 123
25 124
25 125
25 126
25 127
25 129
25 131
25 134
25 136
25 138
25 139
25 141
25 143
25 144
25 145
25 147
25 149
25 150
25 151
25 153
25 155
25 158
25 159
25 160
26 28
26 29
26 30
26 31
26 32
26 33
26 34
26 37
26 38
26 39
26 40
26 42
26 43
26 46
26 52
26 53
26 54
26 55
26 57
26 58
26 59
26 60
26 61
26 64
26 65
26 68
26 69
26 70
26 71
26 72
26 74
26 78
26 79
26 80
26 81
26 82
26 85
26 86
26 88
26 89
26 90
26 91
26 92
26 93
26 95
26 96
26 97
26 99
26 100
26 101
26 103
26 106
26 108
26 112
26 113
26 114
26 116
26 117
26 118
26 120
26 121
26 122
26 123
26 124
26 125
26 126
26 127
26 129
26 131
26 134
26 136
26 138
26 139
26 141
26 143
26 144
26 145
26 147
26 149
26 150
26 151
26 153
26 155
26 158
26 159
26 160
27 35
27 36
27 41
27 44
27 45
27 47
27 48
27 49
27 50
27 51
27 56
27 62
27 63
27 66
27 67
27 73
27 75
27 76
27 77
27 83
27 84
27 87
27 94
27 98
27 102
27 104
27 105
27 107
27 109
27 110
27 111
27 115
27 119
27 128
27 130
27 132
27 133
27 135
27 137
27 140
27 142
27 146
27 148
27 152
27 154
27 156
27 157
28 29
28 30
28 31
28 32
28 33
28 34
28 37
28 38
28 39
28 40
28 42
28 43
28 46
28 52
28 53
28 54
28 55
28 57
28 58
28 59
28 60
28 61
28 64
28 65
28 68
28 69
28 70
28 71
28 72
28 74
28 78
28 79
28 80
28 81
28 82
28 85
28 86
28 88
28 89
28 90
28 91
28 92
28 93
28 95
28 96
28 97
28 99
28 100
28 101
28 103
28 106
28 108
28 112
28 113
28 114
28 116
28 117
28 118
28 120
28 121
28 122
28 123
28 124
28 125
28 126
28 127
28 129
28 131
28 134
28 136
28 138
28 139
28 141
28 143
28 144
28 145
28 147
28 149
28 150
28 151
28 153
28 155
28 158
28 159
28 160
29 30
29 31
29 32
29 33
29 34
29 37
29 38
29 39
29 40
29 42
29 43
29 46
29 52
29 53
29 54
29 55
29 57
29 58
29 59
29 60
29 61
29 64
29 65
29 68
29 69
29 70
29 71
29 72
29 74
29 78
29 79
29 80
29 81
29 82
29 85
29 86
29 88
29 89
29 90
29 91
29 92
29 93
29 95
29 96
29 97
29 99
29 100
29 101
29 103
29 106
29 108
29 112
29 113
29 114
29 116
29 117
29 118
29 120
29 121
29 122
29 123
29 124
29 125
29 126
29 127
29 129
29 131
29 134
29 136
29 138
29 139
29 141
29 143
29 144
29 145
29 147
29 149
29 150
29 151
29 153
29 155
29 158
29 159
29 160
30 31
30 32
30 33
30 34
30 37
30 38
30 39
30 40
30 42
30 43
30 46
30 52
30 53
30 54
30 55
30 57
30 58
30 59
30 60
30 61
30 64
30 65
30 68
30 69
30 70
30 71
30 72
30 74
30 78
30 79
30 80
30 81
30 82
30 85
30 86
30 88
30 89
30 90
30 91
30 92
30 93
30 95
30 96
30 97
30 99
30 100
30 101
30 103
30 106
30 108
30 112
30 113
30 114
30 116
30 117
30 118
30 120
30 121
30 122
30 123
30 124
30 125
30 126
30 127
30 129
30 131
30 134
30 136
30 138
30 139
30 141
30 143
30 144
30 145
30 147
30 149
30 150
30 151
30 153
30 155
30 158
30 159
30 160
31 32
31 33
31 34
31 37
31 38
31 39
31 40
31 42
31 43
31 46
31 52
31 53
31 54
31 55
31 57
31 58
31 59
31 60
31 61
31 64
31 65
31 68
31 69
31 70
31 71
31 72
31 74
31 78
31 79
31 80
31 81
31 82
31 85
31 86
31 88
31 89
31 90
31 91
31 92
31 93
31 95
31 96
31 97
31 99
31 100
31 101
31 103
31 106
31 108
31 112
31 113
31 114
31 116
31 117
31 118
31 120
31 121
31 122
31 123
31 124
31 125
31 126
31 127
31 129
31 131
31 134
31 136
31 138
31 139
31 141
31 143
31 144
31 145
31 147
31 149
31 150
31 151
31 153
31 155
31 158
31 159
31 160
32 33
32 34
32 37
32 38
32 39
32 40
32 42
32 43
32 46
32 52
32 53
32 54
32 55
32 57
32 58
32 59
32 60
32 61
32 64
32 65
32 68
32 69
32 70
32 71
32 72
32 74
32 78
32 79
32 80
32 81
32 82
32 85
32 86
32 88
32 89
32 90
32 91
32 92
32 93
32 95
32 96
32 97
32 99
32 100
32 101
32 103
32 106
32 108
32 112
32 113
32 114
32 116
32 117
32 118
32 120
32 121
32 122
32 123
32 124
32 125
32 126
32 127
32 129
32 131
32 134
32 136
32 138
32 139
32 141
32 143
32 144
32 145
32 147
32 149
32 150
32 151
32 153
32 155
32 158
32 159
32 160
33 34
33 37
33 38
33 39
33 40
33 42
33 43
33 46
33 52
33 53
33 54
33 55
33 57
33 58
33 59
33 60
33 61
33 64
33 65
33 68
33 69
33 70
33 71
33 72
33 74
33 78
33 79
33 80
33 81
33 82
33 85
33 86
33 88
33 89
33 90
33 91
33 92
33 93
33 95
33 96
33 97
33 99
33 100
33 101
33 103
33 106
33 108
33 112
33 113
33 114
33 116
33 117
33 118
33 120
33 121
33 122
33 123
33 124
33 125
33 126
33 127
33 129
33 131
33 134
33 136
33 138
33 139
33 141
33 143
33 144
33 145
33 147
33 149
33 150
33 151
33 153
33 155
33 158
33 159
33 160
34 37
34 38
34 39
34 40
34 42
34 43
34 46
34 52
34 53
34 54
34 55
34 57
34 58
34 59
34 60
34 61
34 64
34 65
34 68
34 69
34 70
34 71
34 72
34 74
34 78
34 79
34 80
34 81
34 82
34 85
34 86
34 88
34 89
34 90
34 91
34 92
34 93
34 95
34 96
34 97
34 99
34 100
34 101
34 103
34 106
34 108
34 112
34 113
34 114
34 116
34 117
34 118
34 120
34 121
34 122
34 123
34 124
34 125
34 126
34 127
34 129
34 131
34 134
34 136
34 138
34 139
34 141
34 143
34 144
34 145
34 147
34 149
34 150
34 151
34 153
34 155
34 158
34 159
34 160
35 36
35 41
35 44
35 45
35 47
35 48
35 49
35 50
35 51
35 56
35 62
35 63
35 66
35 67
35 73
35 75
35 76
35 77
35 83
35 84
35 87
35 94
35 98
35 102
35 104
35 105
35 107
35 109
35 110
35 111
35 115
35 119
35 128
35 130
35 132
35 133
35 135
35 137
35 140
35 142
35 146
35 148
35 152
35 154
35 156
35 157
36 41
36 44
36 45
36 47
36 48
36 49
36 50
36 51
36 56
36 62
36 63
36 66
36 67
36 73
36 75
36 76
36 77
36 83
36 84
36 87
36 94
36 98
36 102
36 104
36 105
36 107
36 109
36 110
36 111
36 115
36 119
36 128
36 130
36 132
36 133
36 135
36 137
36 140
36 142
36 146
36 148
36 152
36 154
36 156
36 157
37 38
37 39
37 40
37 42
37 43
37 46
37 52
37 53
37 54
37 55
37 57
37 58
37 59
37 60
37 61
37 64
37 65
37 68
37 69
37 70
37 71
37 72
37 74
37 78
37 79
37 80
37 81
37 82
37 85
37 86
37 88
37 89
37 90
37 91
37 92
37 93
37 95
37 96
37 97
37 99
37 100
37 101
37 103
37 106
37 108
37 112
37 113
37 114
37 116
37 117
37 118
37 120
37 121
37 122
37 123
37 124
37 125
37 126
37 127
37 129
37 131
37 134
37 136
37 138
37 139
37 141
37 143
37 144
37 145
37 147
37 149
37 150
37 151
37 153
37 155
37 158
37 159
37 160
38 39
38 40
38 42
38 43
38 46
38 52
38 53
38 54
38 55
38 57
38 58
38 59
38 60
38 61
38 64
38 65
38 68
38 69
38 70
38 71
38 72
38 74
38 78
38 79
38 80
38 81
38 82
38 85
38 86
38 88
38 89
38 90
38 91
38 92
38 93
38 95
38 96
38 97
38 99
38 100
38 101
38 103
38 106
38 108
38 112
38 113
38 114
38 116
38 117
38 118
38 120
38 121
38 122
38 123
38 124
38 125
38 126
38 127
38 129
38 131
38 134
38 136
38 138
38 139
38 141
38 143
38 144
38 145
38 147
38 149
38 150
38 151
38 153
38 155
38 158
38 159
38 160
39 40
39 42
39 43
39 46
39 52
39 53
39 54
39 55
39 57
39 58
39 59
39 60
39 61
39 64
39 65
39 68
39 69
39 70
39 71
39 72
39 74
39 78
39 79
39 80
39 81
39 82
39 85
39 86
39 88
39 89
39 90
39 91
39 92
39 93
39 95
39 96
39 97
39 99
39 100
39 101
39 103
39 106
39 108
39 112
39 113
39 114
39 116
39 117
39 118
39 120
39 121
39 122
39 123
39 124
39 125
39 126
39 127
39 129
39 131
39 134
39 136
39 138
39 139
39 141
39 143
39 144
39 145
39 147
39 149
39 150
39 151
39 153
39 155
39 158
39 159
39 160
40 42
40 43
40 46
40 52
40 53
40 54
40 55
40 57
40 58
40 59
40 60
40 61
40 64
40 65
40 68
40 69
40 70
40 71
40 72
40 74
40 78
40 79
40 80
40 81
40 82
40 85
40 86
40 88
40 89
40 90
40 91
40 92
40 93
40 95
40 96
40 97
40 99
40 100
40 101
40 103
40 106
40 108
40 112
40 113
40 114
40 116
40 117
40 118
40 120
40 121
40 122
40 123
40 124
40 125
40 126
40 127
40 129
40 131
40 134
40 136
40 138
40 139
40 141
40 143
40 144
40 145
40 147
40 149
40 150
40 151
40 153
40 155
40 158
40 159
40 160
41 44
41 45
41 47
41 48
41 49
41 50
41 51
41 56
41 62
41 63
41 66
41 67
41 73
41 75
41 76
41 77
41 83
41 84
41 87
41 94
41 98
41 102
41 104
41 105
41 107
41 109
41 110
41 111
41 115
41 119
41 128
41 130
41 132
41 133
41 135
41 137
41 140
41 142
41 146
41 148
41 152
41 154
41 156
41 157
42 43
42 46
42 52
42 53
42 54
42 55
42 57
42 58
42 59
42 60
42 61
42 64
42 65
42 68
42 69
42 70
42 71
42 72
42 74
42 78
42 79
42 80
42 81
42 82
42 85
42 86
42 88
42 89
42 90
42 91
42 92
42 93
42 95
42 96
42 97
42 99
42 100
42 101
42 103
42 106
42 108
42 112
42 113
42 114
42 116
42 117
42 118
42 120
42 121
42 122
42 123
42 124
42 125
42 126
42 127
42 129
42 131
42 134
42 136
42 138
42 139
42 141
42 143
42 144
42 145
42 147
42 149
42 150
42 151
42 153
42 155
42 158
42 159
42 160
43 46
43 52
43 53
43 54
43 55
43 57
43 58
43 59
43 60
43 61
43 64
43 65
43 68
43 69
43 70
43 71
43 72
43 74
43 78
43 79
43 80
43 81
43 82
43 85
43 86
43 88
43 89
43 90
43 91
43 92
43 93
43 95
43 96
43 97
43 99
43 100
43 101
43 103
43 106
43 108
43 112
43 113
43 114
43 116
43 117
43 118
43 120
43 121
43 122
43 123
43 124
43 125
43 126
43 127
43 129
43 131
43 134
43 136
43 138
43 139
43 141
43 143
43 144
43 145
43 147
43 149
43 150
43 151
43 153
43 155
43 158
43 159
43 160
44 45
44 47
44 48
44 49
44 50
44 51
44 56
44 62
44 63
44 66
44 67
44 73
44 75
44 76
44 77
44 83
44 84
44 87
44 94
44 98
44 102
44 104
44 105
44 107
44 109
44 110
44 111
44 115
44 119
44 128
44 130
44 132
44 133
44 135
44 137
44 140
44 142
44 146
44 148
44 152
44 154
44 156
44 157
45 47
45 48
45 49
45 50
45 51
45 56
45 62
45 63
45 66
45 67
45 73
45 75
45 76
45 77
45 83
45 84
45 87
45 94
45 98
45 102
45 104
45 105
45 107
45 109
45 110
45 111
45 115
45 119
45 128
45 130
45 132
45 133
45 135
45 137
45 140
45 142
45 146
45 148
45 152
45 154
45 156
45 157
46 52
46 53
46 54
46 55
46 57
46 58
46 59
46 60
46 61
46 64
46 65
46 68
46 69
46 70
46 71
46 72
46 74
46 78
46 79
46 80
46 81
46 82
46 85
46 86
46 88
46 89
46 90
46 91
46 92
46 93
46 95
46 96
46 97
46 99
46 100
46 101
46 103
46 106
46 108
46 112
46 113
46 114
46 116
46 117
46 118
46 120
46 121
46 122
46 123
46 124
46 125
46 126
46 127
46 129
46 131
46 134
46 136
46 138
46 139
46 141
46 143
46 144
46 145
46 147
46 149
46 150
46 151
46 153
46 155
46 158
46 159
46 160
47 48
47 49
47 50
47 51
47 56
47 62
47 63
47 66
47 67
47 73
47 75
47 76
47 77
47 83
47 84
47 87
47 94
47 98
47 102
47 104
47 105
47 107
47 109
47 110
47 111
47 115
47 119
47 128
47 130
47 132
47 133
47 135
47 137
47 140
47 142
47 146
47 148
47 152
47 154
47 156
47 157
48 49
48 50
48 51
48 56
48 62
48 63
48 66
48 67
48 73
48 75
48 76
48 77
48 83
48 84
48 87
48 94
48 98
48 102
48 104
48 105
48 107
48 109
48 110
48 111
48 115
48 119
48 128
48 130
48 132
48 133
48 135
48 137
48 140
48 142
48 146
48 148
48 152
48 154
48 156
48 157
49 50
49 51
49 56
49 62
49 63
49 66
49 67
49 73
49 75
49 76
49 77
49 83
49 84
49 87
49 94
49 98
49 102
49 104
49 105
49 107
49 109
49 110
49 111
49 115
49 119
49 128
49 130
49 132
49 133
49 135
49 137
49 140
49 142
49 146
49 148
49 152
49 154
49 156
49 157
50 51
50 56
50 62
50 63
50 66
50 67
50 73
50 75
50 76
50 77
50 83
50 84
50 87
50 94
50 98
50 102
50 104
50 105
50 107
50 109
50 110
50 111
50 115
50 119
50 128
50 130
50 132
50 133
50 135
50 137
50 140
50 142
50 146
50 148
50 152
50 154
50 156
50 157
51 56
51 62
51 63
51 66
51 67
51 73
51 75
51 76
51 77
51 83
51 84
51 87
51 94
51 98
51 102
51 104
51 105
51 107
51 109
51 110
51 111
51 115
51 119
51 128
51 130
51 132
51 133
51 135
51 137
51 140
51 142
51 146
51 148
51 152
51 154
51 156
51 157
52 53
52 54
52 55
52 57
52 58
52 59
52 60
52 61
52 64
52 65
52 68
52 69
52 70
52 71
52 72
52 74
52 78
52 79
52 80
52 81
52 82
52 85
52 86
52 88
52 89
52 90
52 91
52 92
52 93
52 95
52 96
52 97
52 99
52 100
52 101
52 103
52 106
52 108
52 112
52 113
52 114
52 116
52 117
52 118
52 120
52 121
52 122
52 123
52 124
52 125
52 126
52 127
52 129
52 131
52 134
52 136
52 138
52 139
52 141
52 143
52 144
52 145
52 147
52 149
52 150
52 151
52 153
52 155
52 158
52 159
52 160
53 54
53 55
53 57
53 58
53 59
53 60
53 61
53 64
53 65
53 68
53 69
53 70
53 71
53 72
53 74
53 78
53 79
53 80
53 81
53 82
53 85
53 86
53 88
53 89
53 90
53 91
53 92
53 93
53 95
53 96
53 97
53 99
53 100
53 101
53 103
53 106
53 108
53 112
53 113
53 114
53 116
53 117
53 118
53 120
53 121
53 122
53 123
53 124
53 125
53 126
53 127
53 129
53 131
53 134
53 136
53 138
53 139
53 141
53 143
53 144
53 145
53 147
53 149
53 150
53 151
53 153
53 155
53 158
53 159
53 160
54 55
54 57
54 58
54 59
54 60
54 61
54 64
54 65
54 68
54 69
54 70
54 71
54 72
54 74
54 78
54 79
54 80
54 81
54 82
54 85
54 86
54 88
54 89
54 90
54 91
54 92
54 93
54 95
54 96
54 97
54 99
54 100
54 101
54 103
54 106
54 108
54 112
54 113
54 114
54 116
54 117
54 118
54 120
54 121
54 122
54 123
54 124
54 125
54 126
54 127
54 129
54 131
54 134
54 136
54 138
54 139
54 141
54 143
54 144
54 145
54 147
54 149
54 150
54 151
54 153
54 155
54 158
54 159
54 160
55 57
55 58
55 59
55 60
55 61
55 64
55 65
55 68
55 69
55 70
55 71
55 72
55 74
55 78
55 79
55 80
55 81
55 82
55 85
55 86
55 88
55 89
55 90
55 91
55 92
55 93
55 95
55 96
55 97
55 99
55 100
55 101
55 103
55 106
55 108
55 112
55 113
55 114
55 116
55 117
55 118
55 120
55 121
55 122
55 123
55 124
55 125
55 126
55 127
55 129
55 131
55 134
55 136
55 138
55 139
55 141
55 143
55 144
55 145
55 147
55 149
55 150
55 151
55 153
55 155
55 158
55 159
55 160
56 62
56 63
56 66
56 67
56 73
56 75
56 76
56 77
56 83
56 84
56 87
56 94
56 98
56 102
56 104
56 105
56 107
56 109
56 110
56 111
56 115
56 119
56 128
56 130
56 132
56 133
56 135
56 137
56 140
56 142
56 146
56 148
56 152
56 154
56 156
56 157
57 58
57 59
57 60
57 61
57 64
57 65
57 68
57 69
57 70
57 71
57 72
57 74
57 78
57 79
57 80
57 81
57 82
57 85
57 86
57 88
57 89
57 90
57 91
57 92
57 93
57 95
57 96
57 97
57 99
57 100
57 101
57 103
57 106
57 108
57 112
57 113
57 114
57 116
57 117
57 118
57 120
57 121
57 122
57 123
57 124
57 125
57 126
57 127
57 129
57 131
57 134
57 136
57 138
57 139
57 141
57 143
57 144
57 145
57 147
57 149
57 150
57 151
57 153
57 155
57 158
57 159
57 160
58 59
58 60
58 61
58 64
58 65
58 68
58 69
58 70
58 71
58 72
58 74
58 78
58 79
58 80
58 81
58 82
58 85
58 86
58 88
58 89
58 90
58 91
58 92
58 93
58 95
58 96
58 97
58 99
58 100
58 101
58 103
58 106
58 108
58 112
58 113
58 114
58 116
58 117
58 118
58 120
58 121
58 122
58 123
58 124
58 125
58 126
58 127
58 129
58 131
58 134
58 136
58 138
58 139
58 141
58 143
58 144
58 145
58 147
58 149
58 150
58 151
58 153
58 155
58 158
58 159
58 160
59 60
59 61
59 64
59 65
59 68
59 69
59 70
59 71
59 72
59 74
59 78
59 79
59 80
59 81
59 82
59 85
59 86
59 88
59 89
59 90
59 91
59 92
59 93
59 95
59 96
59 97
59 99
59 100
59 101
59 103
59 106
59 108
59 112
59 113
59 114
59 116
59 117
59 118
59 120
59 121
59 122
59 123
59 124
59 125
59 126
59 127
59 129
59 131
59 134
59 136
59 138
59 139
59 141
59 143
59 144
59 145
59 147
59 149
59 150
59 151
59 153
59 155
59 158
59 159
59 160
60 61
60 64
60 65
60 68
60 69
60 70
60 71
60 72
60 74
60 78
60 79
60 80
60 81
60 82
60 85
60 86
60 88
60 89
60 90
60 91
60 92
60 93
60 95
60 96
60 97
60 99
60 100
60 101
60 103
60 106
60 108
60 112
60 113
60 114
60 116
60 117
60 118
60 120
60 121
60 122
60 123
60 124
60 125
60 126
60 127
60 129
60 131
60 134
60 136
60 138
60 139
60 141
60 143
60 144
60 145
60 147
60 149
60 150
60 151
60 153
60 155
60 158
60 159
60 160
61 64
61 65
61 68
61 69
61 70
61 71
61 72
61 74
61 78
61 79
61 80
61 81
61 82
61 85
61 86
61 88
61 89
61 90
61 91
61 92
61 93
61 95
61 96
61 97
61 99
61 100
61 101
61 103
61 106
61 108
61 112
61 113
61 114
61 116
61 117
61 118
61 120
61 121
61 122
61 123
61 124
61 125
61 126
61 127
61 129
61 131
61 134
61 136
61 138
61 139
61 141
61 143
61 144
61 145
61 147
61 149
61 150
61 151
61 153
61 155
61 158
61 159
61 160
62 63
62 66
62 67
62 73
62 75
62 76
62 77
62 83
62 84
62 87
62 94
62 98
62 102
62 104
62 105
62 107
62 109
62 110
62 111
62 115
62 119
62 128
62 130
62 132
62 133
62 135
62 137
62 140
62 142
62 146
62 148
62 152
62 154
62 156
62 157
63 66
63 67
63 73
63 75
63 76
63 77
63 83
63 84
63 87
63 94
63 98
63 102
63 104
63 105
63 107
63 109
63 110
63 111
63 115
63 119
63 128
63 130
63 132
63 133
63 135
63 137
63 140
63 142
63 146
63 148
63 152
63 154
63 156
63 157
64 65
64 68
64 69
64 70
64 71
64 72
64 74
64 78
64 79
64 80
64 81
64 82
64 85
64 86
64 88
64 89
64 90
64 91
64 92
64 93
64 95
64 96
64 97
64 99
64 100
64 101
64 103
64 106
64 108
64 112
64 113
64 114
64 116
64 117
64 118
64 120
64 121
64 122
64 123
64 124
64 125
64 126
64 127
64 129
64 131
64 134
64 136
64 138
64 139
64 141
64 143
64 144
64 145
64 147
64 149
64 150
64 151
64 153
64 155
64 158
64 159
64 160
65 68
65 69
65 70
65 71
65 72
65 74
65 78
65 79
65 80
65 81
65 82
65 85
65 86
65 88
65 89
65 90
65 91
65 92
65 93
65 95
65 96
65 97
65 99
65 100
65 101
65 103
65 106
65 108
65 112
65 113
65 114
65 116
65 117
65 118
65 120
65 121
65 122
65 123
65 124
65 125
65 126
65 127
65 129
65 131
65 134
65 136
65 138
65 139
65 141
65 143
65 144
65 145
65 147
65 149
65 150
65 151
65 153
65 155
65 158
65 159
65 160
66 67
66 73
66 75
66 76
66 77
66 83
66 84
66 87
66 94
66 98
66 102
66 104
66 105
66 107
66 109
66 110
66 111
66 115
66 119
66 128
66 130
66 132
66 133
66 135
66 137
66 140
66 142
66 146
66 148
66 152
66 154
66 156
66 157
67 73
67 75
67 76
67 77
67 83
67 84
67 87
67 94
67 98
67 102
67 104
67 105
67 107
67 109
67 110
67 111
67 115
67 119
67 128
67 130
67 132
67 133
67 135
67 137
67 140
67 142
67 146
67 148
67 152
67 154
67 156
67 157
68 69
68 70
68 71
68 72
68 74
68 78
68 79
68 80
68 81
68 82
68 85
68 86
68 88
68 89
68 90
68 91
68 92
68 93
68 95
68 96
68 97
68 99
68 100
68 101
68 103
68 106
68 108
68 112
68 113
68 114
68 116
68 117
68 118
68 120
68 121
68 122
68 123
68 124
68 125
68 126
68 127
68 129
68 131
68 134
68 136
68 138
68 139
68 141
68 143
68 144
68 145
68 147
68 149
68 150
68 151
68 153
68 155
68 158
68 159
68 160
69 70
69 71
69 72
69 74
69 78
69 79
69 80
69 81
69 82
69 85
69 86
69 88
69 89
69 90
69 91
69 92
69 93
69 95
69 96
69 97
69 99
69 100
69 101
69 103
69 106
69 108
69 112
69 113
69 114
69 116
69 117
69 118
69 120
69 121
69 122
69 123
69 124
69 125
69 126
69 127
69 129
69 131
69 134
69 136
69 138
69 139
69 141
69 143
69 144
69 145
69 147
69 149
69 150
69 151
69 153
69 155
69 158
69 159
69 160
70 71
70 72
70 74
70 78
70 79
70 80
70 81
70 82
70 85
70 86
70 88
70 89
70 90
70 91
70 92
70 93
70 95
70 96
70 97
70 99
70 100
70 101
70 103
70 106
70 108
70 112
70 113
70 114
70 116
70 117
70 118
70 120
70 121
70 122
70 123
70 124
70 125
70 126
70 127
70 129
70 131
70 134
70 136
70 138
70 139
70 141
70 143
70 144
70 145
70 147
70 149
70 150
70 151
70 153
70 155
70 158
70 159
70 160
71 72
71 74
71 78
71 79
71 80
71 81
71 82
71 85
71 86
71 88
71 89
71 90
71 91
71 92
71 93
71 95
71 96
71 97
71 99
71 100
71 101
71 103
71 106
71 108
71 112
71 113
71 114
71 116
71 117
71 118
71 120
71 121
71 122
71 123
71 124
71 125
71 126
71 127
71 129
71 131
71 134
71 136
71 138
71 139
71 141
71 143
71 144
71 145
71 147
71 149
71 150
71 151
71 153
71 155
71 158
71 159
71 160
72 74
72 78
72 79
72 80
72 81
72 82
72 85
72 86
72 88
72 89
72 90
72 91
72 92
72 93
72 95
72 96
72 97
72 99
72 100
72 101
72 103
72 106
72 108
72 112
72 113
72 114
72 116
72 117
72 118
72 120
72 121
72 122
72 123
72 124
72 125
72 126
72 127
72 129
72 131
72 134
72 136
72 138
72 139
72 141
72 143
72 144
72 145
72 147
72 149
72 150
72 151
72 153
72 155
72 158
72 159
72 160
73 75
73 76
73 77
73 83
73 84
73 87
73 94
73 98
73 102
73 104
73 105
73 107
73 109
73 110
73 111
73 115
73 119
73 128
73 130
73 132
73 133
73 135
73 137
73 140
73 142
73 146
73 148
73 152
73 154
73 156
73 157
74 78
74 79
74 80
74 81
74 82
74 85
74 86
74 88
74 89
74 90
74 91
74 92
74 93
74 95
74 96
74 97
74 99
74 100
74 101
74 103
74 106
74 108
74 112
74 113
74 114
74 116
74 117
74 118
74 120
74 121
74 122
74 123
74 124
74 125
74 126
74 127
74 129
74 131
74 134
74 136
74 138
74 139
74 141
74 143
74 144
74 145
74 147
74 149
74 150
74 151
74 153
74 155
74 158
74 159
74 160
75 76
75 77
75 83
75 84
75 87
75 94
75 98
75 102
75 104
75 105
75 107
75 109
75 110
75 111
75 115
75 119
75 128
75 130
75 132
75 133
75 135
75 137
75 140
75 142
75 146
75 148
75 152
75 154
75 156
75 157
76 77
76 83
76 84
76 87
76 94
76 98
76 102
76 104
76 105
76 107
76 109
76 110
76 111
76 115
76 119
76 128
76 130
76 132
76 133
76 135
76 137
76 140
76 142
76 146
76 148
76 152
76 154
76 156
76 157
77 83
77 84
77 87
77 94
77 98
77 102
77 104
77 105
77 107
77 109
77 110
77 111
77 115
77 119
77 128
77 130
77 132
77 133
77 135
77 137
77 140
77 142
77 146
77 148
77 152
77 154
77 156
77 157
78 79
78 80
78 81
78 82
78 85
78 86
78 88
78 89
78 90
78 91
78 92
78 93
78 95
78 96
78 97
78 99
78 100
78 101
78 103
78 106
78 108
78 112
78 113
78 114
78 116
78 117
78 118
78 120
78 121
78 122
78 123
78 124
78 125
78 126
78 127
78 129
78 131
78 134
78 136
78 138
78 139
78 141
78 143
78 144
78 145
78 147
78 149
78 150
78 151
78 153
78 155
78 158
78 159
78 160
79 80
79 81
79 82
79 85
79 86
79 88
79 89
79 90
79 91
79 92
79 93
79 95
79 96
79 97
79 99
79 100
79 101
79 103
79 106
79 108
79 112
79 113
79 114
79 116
79 117
79 118
79 120
79 121
79 122
79 123
79 124
79 125
79 126
79 127
79 129
79 131
79 134
79 136
79 138
79 139
79 141
79 143
79 144
79 145
79 147
79 149
79 150
79 151
79 153
79 155
79 158
79 159
79 160
80 81
80 82
80 85
80 86
80 88
80 89
80 90
80 91
80 92
80 93
80 95
80 96
80 97
80 99
80 100
80 101
80 103
80 106
80 108
80 112
80 113
80 114
80 116
80 117
80 118
80 120
80 121
80 122
80 123
80 124
80 125
80 126
80 127
80 129
80 131
80 134
80 136
80 138
80 139
80 141
80 143
80 144
80 145
80 147
80 149
80 150
80 151
80 153
80 155
80 158
80 159
80 160
81 82
81 85
81 86
81 88
81 89
81 90
81 91
81 92
81 93
81 95
81 96
81 97
81 99
81 100
81 101
81 103
81 106
81 108
81 112
81 113
81 114
81 116
81 117
81 118
81 120
81 121
81 122
81 123
81 124
81 125
81 126
81 127
81 129
81 131
81 134
81 136
81 138
81 139
81 141
81 143
81 144
81 145
81 147
81 149
81 150
81 151
81 153
81 155
81 158
81 159
81 160
82 85
82 86
82 88
82 89
82 90
82 91
82 92
82 93
82 95
82 96
82 97
82 99
82 100
82 101
82 103
82 106
82 108
82 112
82 113
82 114
82 116
82 117
82 118
82 120
82 121
82 122
82 123
82 124
82 125
82 126
82 127
82 129
82 131
82 134
82 136
82 138
82 139
82 141
82 143
82 144
82 145
82 147
82 149
82 150
82 151
82 153
82 155
82 158
82 159
82 160
83 84
83 87
83 94
83 98
83 102
83 104
83 105
83 107
83 109
83 110
83 111
83 115
83 119
83 128
83 130
83 132
83 133
83 135
83 137
83 140
83 142
83 146
83 148
83 152
83 154
83 156
83 157
84 87
84 94
84 98
84 102
84 104
84 105
84 107
84 109
84 110
84 111
84 115
84 119
84 128
84 130
84 132
84 133
84 135
84 137
84 140
84 142
84 146
84 148
84 152
84 154
84 156
84 157
85 86
85 88
85 89
85 90
85 91
85 92
85 93
85 95
85 96
85 97
85 99
85 100
85 101
85 103
85 106
85 108
85 112
85 113
85 114
85 116
85 117
85 118
85 120
85 121
85 122
85 123
85 124
85 125
85 126
85 127
85 129
85 131
85 134
85 136
85 138
85 139
85 141
85 143
85 144
85 145
85 147
85 149
85 150
85 151
85 153
85 155
85 158
85 159
85 160
86 88
86 89
86 90
86 91
86 92
86 93
86 95
86 96
86 97
86 99
86 100
86 101
86 103
86 106
86 108
86 112
86 113
86 114
86 116
86 117
86 118
86 120
86 121
86 122
86 123
86 124
86 125
86 126
86 127
86 129
86 131
86 134
86 136
86 138
86 139
86 141
86 143
86 144
86 145
86 147
86 149
86 150
86 151
86 153
86 155
86 158
86 159
86 160
87 94
87 98
87 102
87 104
87 105
87 107
87 109
87 110
87 111
87 115
87 119
87 128
87 130
87 132
87 133
87 135
87 137
87 140
87 142
87 146
87 148
87 152
87 154
87 156
87 157
88 89
88 90
88 91
88 92
88 93
88 95
88 96
88 97
88 99
88 100
88 101
88 103
88 106
88 108
88 112
88 113
88 114
88 116
88 117
88 118
88 120
88 121
88 122
88 123
88 124
88 125
88 126
88 127
88 129
88 131
88 134
88 136
88 138
88 139
88 141
88 143
88 144
88 145
88 147
88 149
88 150
88 151
88 153
88 155
88 158
88 159
88 160
89 90
89 91
89 92
89 93
89 95
89 96
89 97
89 99
89 100
89 101
89 103
89 106
89 108
89 112
89 113
89 114
89 116
89 117
89 118
89 120
89 121
89 122
89 123
89 124
89 125
89 126
89 127
89 129
89 131
89 134
89 136
89 138
89 139
89 141
89 143
89 144
89 145
89 147
89 149
89 150
89 151
89 153
89 155
89 158
89 159
89 160
90 91
90 92
90 93
90 95
90 96
90 97
90 99
90 100
90 101
90 103
90 106
90 108
90 112
90 113
90 114
90 116
90 117
90 118
90 120
90 121
90 122
90 123
90 124
90 125
90 126
90 127
90 129
90 131
90 134
90 136
90 138
90 139
90 141
90 143
90 144
90 145
90 147
90 149
90 150
90 151
90 153
90 155
90 158
90 159
90 160
91 92
91 93
91 95
91 96
91 97
91 99
91 100
91 101
91 103
91 106
91 108
91 112
91 113
91 114
91 116
91 117
91 118
91 120
91 121
91 122
91 123
91 124
91 125
91 126
91 127
91 129
91 131
91 134
91 136
91 138
91 139
91 141
91 143
91 144
91 145
91 147
91 149
91 150
91 151
91 153
91 155
91 158
91 159
91 160
92 93
92 95
92 96
92 97
92 99
92 100
92 101
92 103
92 106
92 108
92 112
92 113
92 114
92 116
92 117
92 118
92 120
92 121
92 122
92 123
92 124
92 125
92 126
92 127
92 129
92 131
92 134
92 136
92 138
92 139
92 141
92 143
92 144
92 145
92 147
92 149
92 150
92 151
92 153
92 155
92 158
92 159
92 160
93 95
93 96
93 97
93 99
93 100
93 101
93 103
93 106
93 108
93 112
93 113
93 114
93 116
93 117
93 118
93 120
93 121
93 122
93 123
93 124
93 125
93 126
93 127
93 129
93 131
93 134
93 136
93 138
93 139
93 141
93 143
93 144
93 145
93 147
93 149
93 150
93 151
93 153
93 155
93 158
93 159
93 160
94 98
94 102
94 104
94 105
94 107
94 109
94 110
94 111
94 115
94 119
94 128
94 130
94 132
94 133
94 135
94 137
94 140
94 142
94 146
94 148
94 152
94 154
94 156
94 157
95 96
95 97
95 99
95 100
95 101
95 103
95 106
95 108
95 112
95 113
95 114
95 116
95 117
95 118
95 120
95 121
95 122
95 123
95 124
95 125
95 126
95 127
95 129
95 131
95 134
95 136
95 138
95 139
95 141
95 143
95 144
95 145
95 147
95 149
95 150
95 151
95 153
95 155
95 158
95 159
95 160
96 97
96 99
96 100
96 101
96 103
96 106
96 108
96 112
96 113
96 114
96 116
96 117
96 118
96 120
96 121
96 122
96 123
96 124
96 125
96 126
96 127
96 129
96 131
96 134
96 136
96 138
96 139
96 141
96 143
96 144
96 145
96 147
96 149
96 150
96 151
96 153
96 155
96 158
96 159
96 160
97 99
97 100
97 101
97 103
97 106
97 108
97 112
97 113
97 114
97 116
97 117
97 118
97 120
97 121
97 122
97 123
97 124
97 125
97 126
97 127
97 129
97 131
97 134
97 136
97 138
97 139
97 141
97 143
97 144
97 145
97 147
97 149
97 150
97 151
97 153
97 155
97 158
97 159
97 160
98 102
98 104
98 105
98 107
98 109
98 110
98 111
98 115
98 119
98 128
98 130
98 132
98 133
98 135
98 137
98 140
98 142
98 146
98 148
98 152
98 154
98 156
98 157
99 100
99 101
99 103
99 106
99 108
99 112
99 113
99 114
99 116
99 117
99 118
99 120
99 121
99 122
99 123
99 124
99 125
99 126
99 127
99 129
99 131
99 134
99 136
99 138
99 139
99 141
99 143
99 144
99 145
99 147
99 149
99 150
99 151
99 153
99 155
99 158
99 159
99 160
100 101
100 103
100 106
100 108
100 112
100 113
100 114
100 116
100 117
100 118
100 120
100 121
100 122
100 123
100 124
100 125
100 126
100 127
100 129
100 131
100 134
100 136
100 138
100 139
100 141
100 143
100 144
100 145
100 147
100 149
100 150
100 151
100 153
100 155
100 158
100 159
100 160
101 103
101 106
101 108
101 112
101 113
101 114
101 116
101 117
101 118
101 120
101 121
101 122
101 123
101 124
101 125
101 126
101 127
101 129
101 131
101 134
101 136
101 138
101 139
101 141
101 143
101 144
101 145
101 147
101 149
101 150
101 151
101 153
101 155
101 158
101 159
101 160
102 104
102 105
102 107
102 109
102 110
102 111
102 115
102 119
102 128
102 130
102 132
102 133
102 135
102 137
102 140
102 142
102 146
102 148
102 152
102 154
102 156
102 157
103 106
103 108
103 112
103 113
103 114
103 116
103 117
103 118
103 120
103 121
103 122
103 123
103 124
103 125
103 126
103 127
103 129
103 131
103 134
103 136
103 138
103 139
103 141
103 143
103 144
103 145
103 147
103 149
103 150
103 151
103 153
103 155
103 158
103 159
103 160
104 105
104 107
104 109
104 110
104 111
104 115
104 119
104 128
104 130
104 132
104 133
104 135
104 137
104 140
104 142
104 146
104 148
104 152
104 154
104 156
104 157
105 107
105 109
105 110
105 111
105 115
105 119
105 128
105 130
105 132
105 133
105 135
105 137
105 140
105 142
105 146
105 148
105 152
105 154
105 156
105 157
106 108
106 112
106 113
106 114
106 116
106 117
106 118
106 120
106 121
106 122
106 123
106 124
106 125
106 126
106 127
106 129
106 131
106 134
106 136
106 138
106 139
106 141
106 143
106 144
106 145
106 147
106 149
106 150
106 151
106 153
106 155
106 158
106 159
106 160
107 109
107 110
107 111
107 115
107 119
107 128
107 130
107 132
107 133
107 135
107 137
107 140
107 142
107 146
107 148
107 152
107 154
107 156
107 157
108 112
108 113
108 114
108 116
108 117
108 118
108 120
108 121
108 122
108 123
108 124
108 125
108 126
108 127
108 129
108 131
108 134
108 136
108 138
108 139
108 141
108 143
108 144
108 145
108 147
108 149
108 150
108 151
108 153
108 155
108 158
108 159
108 160
109 110
109 111
109 115
109 119
109 128
109 130
109 132
109 133
109 135
109 137
109 140
109 142
109 146
109 148
109 152
109 154
109 156
109 157
110 111
110 115
110 119
110 128
110 130
110 132
110 133
110 135
110 137
110 140
110 142
110 146
110 148
110 152
110 154
110 156
110 157
111 115
111 119
111 128
111 130
111 132
111 133
111 135
111 137
111 140
111 142
111 146
111 148
111 152
111 154
111 156
111 157
112 113
112 114
112 116
112 117
112 118
112 120
112 121
112 122
112 123
112 124
112 125
112 126
112 127
112 129
112 131
112 134
112 136
112 138
112 139
112 141
112 143
112 144
112 145
112 147
112 149
112 150
112 151
112 153
112 155
112 158
112 159
112 160
113 114
113 116
113 117
113 118
113 120
113 121
113 122
113 123
113 124
113 125
113 126
113 127
113 129
113 131
113 134
113 136
113 138
113 139
113 141
113 143
113 144
113 145
113 147
113 149
113 150
113 151
113 153
113 155
113 158
113 159
113 160
114 116
114 117
114 118
114 120
114 121
114 122
114 123
114 124
114 125
114 126
114 127
114 129
114 131
114 134
114 136
114 138
114 139
114 141
114 143
114 144
114 145
114 147
114 149
114 150
114 151
114 153
114 155
114 158
114 159
114 160
115 119
115 128
115 130
115 132
115 133
115 135
115 137
115 140
115 142
115 146
115 148
115 152
115 154
115 156
115 157
116 117
116 118
116 120
116 121
116 122
116 123
116 124
116 125
116 126
116 127
116 129
116 131
116 134
116 136
116 138
116 139
116 141
116 143
116 144
116 145
116 147
116 149
116 150
116 151
116 153
116 155
116 158
116 159
116 160
117 118
117 120
117 121
117 122
117 123
117 124
117 125
117 126
117 127
117 129
117 131
117 134
117 136
117 138
117 139
117 141
117 143
117 144
117 145
117 147
117 149
117 150
117 151
117 153
117 155
117 158
117 159
117 160
118 120
118 121
118 122
118 123
118 124
118 125
118 126
118 127
118 129
118 131
118 134
118 136
118 138
118 139
118 141
118 143
118 144
118 145
118 147
118 149
118 150
118 151
118 153
118 155
118 158
118 159
118 160
119 128
119 130
119 132
119 133
119 135
119 137
119 140
119 142
119 146
119 148
119 152
119 154
119 156
119 157
120 121
120 122
120 123
120 124
120 125
120 126
120 127
120 129
120 131
120 134
120 136
120 138
120 139
120 141
120 143
120 144
120 145
120 147
120 149
120 150
120 151
120 153
120 155
120 158
120 159
120 160
121 122
121 123
121 124
121 125
121 126
121 127
121 129
121 131
121 134
121 136
121 138
121 139
121 141
121 143
121 144
121 145
121 147
121 149
121 150
121 151
121 153
121 155
121 158
121 159
121 160
122 123
122 124
122 125
122 126
122 127
122 129
122 131
122 134
122 136
122 138
122 139
122 141
122 143
122 144
122 145
122 147
122 149
122 150
122 151
122 153
122 155
122 158
122 159
122 160
123 124
123 125
123 126
123 127
123 129
123 131
123 134
123 136
123 138
123 139
123 141
123 143
123 144
123 145
123 147
123 149
123 150
123 151
123 153
123 155
123 158
123 159
123 160
124 125
124 126
124 127
124 129
124 131
124 134
124 136
124 138
124 139
124 141
124 143
124 144
124 145
124 147
124 149
124 150
124 151
124 153
124 155
124 158
124 159
124 160
125 126
125 127
125 129
125 131
125 134
125 136
125 138
125 139
125 141
125 143
125 144
125 145
125 147
125 149
125 150
125 151
125 153
125 155
125 158
125 159
125 160
126 127
126 129
126 131
126 134
126 136
126 138
126 139
126 141
126 143
126 144
126 145
126 147
126 149
126 150
126 151
126 153
126 155
126 158
126 159
126 160
127 129
127 131
127 134
127 136
127 138
127 139
127 141
127 143
127 144
127 145
127 147
127 149
127 150
127 151
127 153
127 155
127 158
127 159
127 160
128 130
128 132
128 133
128 135
128 137
128 140
128 142
128 146
128 148
128 152
128 154
128 156
128 157
129 131
129 134
129 136
129 138
129 139
129 141
129 143
129 144
129 145
129 147
129 149
129 150
129 151
129 153
129 155
129 158
129 159
129 160
130 132
130 133
130 135
130 137
130 140
130 142
130 146
130 148
130 152
130 154
130 156
130 157
131 134
131 136
131 138
131 139
131 141
131 143
131 144
131 145
131 147
131 149
131 150
131 151
131 153
131 155
131 158
131 159
131 160
132 133
132 135
132 137
132 140
132 142
132 146
132 148
132 152
132 154
132 156
132 157
133 135
133 137
133 140
133 142
133 146
133 148
133 152
133 154
133 156
133 157
134 136
134 138
134 139
134 141
134 143
134 144
134 145
134 147
134 149
134 150
134 151
134 153
134 155
134 158
134 159
134 160
135 137
135 140
135 142
135 146
135 148
135 152
135 154
135 156
135 157
136 138
136 139
136 141
136 143
136 144
136 145
136 147
136 149
136 150
136 151
136 153
136 155
136 158
136 159
136 160
137 140
137 142
137 146
137 148
137 152
137 154
137 156
137 157
138 139
138 141
138 143
138 144
138 145
138 147
138 149
138 150
138 151
138 153
138 155
138 158
138 159
138 160
139 141
139 143
139 144
139 145
139 147
139 149
139 150
139 151
139 153
139 155
139 158
139 159
139 160
140 142
140 146
140 148
140 152
140 154
140 156
140 157
141 143
141 144
141 145
141 147
141 149
141 150
141 151
141 153
141 155
141 158
141 159
141 160
142 146
142 148
142 152
142 154
142 156
142 157
143 144
143 145
143 147
143 149
143 150
143 151
143 153
143 155
143 158
143 159
143 160
144 145
144 147
144 149
144 150
144 151
144 153
144 155
144 158
144 159
144 160
145 147
145 149
145 150
145 151
145 153
145 155
145 158
145 159
145 160
146 148
146 152
146 154
146 156
146 157
147 149
147 150
147 151
147 153
147 155
147 158
147 159
147 160
148 152
148 154
148 156
148 157
149 150
149 151
149 153
149 155
149 158
149 159
149 160
150 151
150 153
150 155
150 158
150 159
150 160
151 153
151 155
151 158
151 159
151 160
152 154
152 156
152 157
153 155
153 158
153 159
153 160
154 156
154 157
155 158
155 159
155 160
156 157
158 159
158 160
159 160
51 57
51 91
51 143
51 31
51 150
51 30
51 93
51 82
51 2
51 34
51 158
51 52
51 28
51 96
51 78
51 100
51 11
51 113
51 14
51 99
51 54
51 59
51 124
51 40
51 80
51 138
51 97
51 160
51 58
51 85
51 122
51 127
51 155
51 88
51 39
51 26
51 141
51 9
51 43
51 153
51 61
51 139
51 33
51 81
51 71
51 42
51 69
51 15
51 114
51 32
51 131
51 120
51 116
51 95
51 121
51 74
51 37
51 12
51 106
51 70
51 64
51 38
51 101
51 68
51 90
51 134
51 72
51 21
51 126
51 108
51 159
51 46
51 112
51 92
51 117
51 145
51 7
51 20
51 53
51 22
51 144
51 86
51 149
51 17
51 60
51 19
51 136
51 65
51 23
51 89
51 25
51 3
51 4
51 123
51 129
51 147
51 151
51 79
51 125
51 55
51 103
51 29
51 118
152 57
152 91
152 143
152 31
152 150
152 30
152 93
152 82
152 2
152 34
152 158
152 52
152 28
152 96
152 78
152 100
152 11
152 113
152 14
152 99
152 54
152 59
152 124
152 40
152 80
152 138
152 97
152 160
152 58
152 85
152 122
152 127
152 155
152 88
152 39
152 26
152 141
152 9
152 43
152 153
152 61
152 139
152 33
152 81
152 71
152 42
152 69
152 15
152 114
152 32
152 131
152 120
152 116
152 95
152 121
152 74
152 37
152 12
152 106
152 70
152 64
152 38
152 101
152 68
152 90
152 134
152 72
152 21
152 126
152 108
152 159
152 46
152 112
152 92
152 117
152 145
152 7
152 20
152 53
152 22
152 144
152 86
152 149
152 17
152 60
152 19
152 136
152 65
152 23
152 89
152 25
152 3
152 4
152 123
152 129
152 147
152 151
152 79
152 125
152 55
152 103
152 29
152 118
157 57
157 91
157 143
157 31
157 150
157 30
157 93
157 82
157 2
157 34
157 158
157 52
157 28
157 96
157 78
157 100
157 11
157 113
157 14
157 99
157 54
157 59
157 124
157 40
157 80
157 138
157 97
157 160
157 58
157 85
157 122
157 127
157 155
157 88
157 39
157 26
157 141
157 9
157 43
157 153
157 61
157 139
157 33
157 81
157 71
157 42
157 69
157 15
157 114
157 32
157 131
157 120
157 116
157 95
157 121
157 74
157 37
157 12
157 106
157 70
157 64
157 38
157 101
157 68
157 90
157 134
157 72
157 21
157 126
157 108
157 159
157 46
157 112
157 92
157 117
157 145
157 7
157 20
157 53
157 22
157 144
157 86
157 149
157 17
157 60
157 19
157 136
157 65
157 23
157 89
157 25
157 3
157 4
157 123
157 129
157 147
157 151
157 79
157 125
157 55
157 103
157 29
157 118
157 57
157 91
157 143
157 31
157 150
157 30
157 93
157 82
157 2
157 34
157 158
157 52
157 28
157 96
157 78
157 100
157 11
157 113
157 14
157 99
157 54
157 59
157 124
157 40
157 80
157 138
157 97
157 160
157 58
157 85
157 122
157 127
157 155
157 88
157 39
157 26
157 141
157 9
157 43
157 153
157 61
157 139
157 33
157 81
157 71
157 42
157 69
157 15
157 114
157 32
157 131
157 120
157 116
157 95
157 121
157 74
157 37
157 12
157 106
157 70
157 64
157 38
157 101
157 68
157 90
157 134
157 72
157 21
157 126
157 108
157 159
157 46
157 112
157 92
157 117
157 145
157 7
157 20
157 53
157 22
157 144
157 86
157 149
157 17
157 60
157 19
157 136
157 65
157 23
157 89
157 25
157 3
157 4
157 123
157 129
157 147
157 151
157 79
157 125
157 55
157 103
157 29
157 118
69 73
69 102
69 47
69 146
69 50
69 119
69 133
69 148
69 45
69 87
69 51
69 41
69 107
69 44
69 48
69 98
69 62
69 10
69 142
69 18
69 76
69 83
69 152
69 105
69 36
69 132
69 35
69 56
69 140
69 77
69 156
69 157
69 104
69 109
69 49
69 5
69 66
69 13
69 130
69 110
69 67
69 135
69 84
69 128
69 63
69 154
69 16
69 75
69 111
69 27
69 8
69 6
69 137
69 24
69 115
69 94
69 1
99 73
99 102
99 47
99 146
99 50
99 119
99 133
99 148
99 45
99 87
99 51
99 41
99 107
99 44
99 48
99 98
99 62
99 10
99 142
99 18
99 76
99 83
99 152
99 105
99 36
99 132
99 35
99 56
99 140
99 77
99 156
99 157
99 104
99 109
99 49
99 5
99 66
99 13
99 130
99 110
99 67
99 135
99 84
99 128
99 63
99 154
99 16
99 75
99 111
99 27
99 8
99 6
99 137
99 24
99 115
99 94
99 1
37 73
37 102
37 47
37 146
37 50
37 119
37 133
37 148
37 45
37 87
37 51
37 41
37 107
37 44
37 48
37 98
37 62
37 10
37 142
37 18
37 76
37 83
37 152
37 105
37 36
37 132
37 35
37 56
37 140
37 77
37 156
37 157
37 104
37 109
37 49
37 5
37 66
37 13
37 130
37 110
37 67
37 135
37 84
37 128
37 63
37 154
37 16
37 75
37 111
37 27
37 8
37 6
37 137
37 24
37 115
37 94
37 1
148 57
148 91
148 143
148 31
148 150
148 30
148 93
148 82
148 2
148 34
148 158
148 52
148 28
148 96
148 78
148 100
148 11
148 113
148 14
148 99
148 54
148 59
148 124
148 40
148 80
148 138
148 97
148 160
148 58
148 85
148 122
148 127
148 155
148 88
148 39
148 26
148 141
148 9
148 43
148 153
148 61
148 139
148 33
148 81
148 71
148 42
148 69
148 15
148 114
148 32
148 131
148 120
148 116
148 95
148 121
148 74
148 37
148 12
148 106
148 70
148 64
148 38
148 101
148 68
148 90
148 134
148 72
148 21
148 126
148 108
148 159
148 46
148 112
148 92
148 117
148 145
148 7
148 20
148 53
148 22
148 144
148 86
148 149
148 17
148 60
148 19
148 136
148 65
148 23
148 89
148 25
148 3
148 4
148 123
148 129
148 147
148 151
148 79
148 125
148 55
148 103
148 29
148 118
108 73
108 102
108 47
108 146
108 50
108 119
108 133
108 148
108 45
108 87
108 51
108 41
108 107
108 44
108 48
108 98
108 62
108 10
108 142
108 18
108 76
108 83
108 152
108 105
108 36
108 132
108 35
108 56
108 140
108 77
108 156
108 157
108 104
108 109
108 49
108 5
108 66
108 13
108 130
108 110
108 67
108 135
108 84
108 128
108 63
108 154
108 16
108 75
108 111
108 27
108 8
108 6
108 137
108 24
108 115
108 94
108 1
109 57
109 91
109 143
109 31
109 150
109 30
109 93
109 82
109 2
109 34
109 158
109 52
109 28
109 96
109 78
109 100
109 11
109 113
109 14
109 99
109 54
109 59
109 124
109 40
109 80
109 138
109 97
109 160
109 58
109 85
109 122
109 127
109 155
109 88
109 39
109 26
109 141
109 9
109 43
109 153
109 61
109 139
109 33
109 81
109 71
109 42
109 69
109 15
109 114
109 32
109 131
109 120
109 116
109 95
109 121
109 74
109 37
109 12
109 106
109 70
109 64
109 38
109 101
109 68
109 90
109 134
109 72
109 21
109 126
109 108
109 159
109 46
109 112
109 92
109 117
109 145
109 7
109 20
109 53
109 22
109 144
109 86
109 149
109 17
109 60
109 19
109 136
109 65
109 23
109 89
109 25
109 3
109 4
109 123
109 129
109 147
109 151
109 79
109 125
109 55
109 103
109 29
109 118
