20
101
1 2
1 7
1 8
1 13
1 14
1 15
1 17
1 20
2 7
2 8
2 13
2 14
2 15
2 17
2 20
3 4
3 5
3 11
3 16
3 19
4 5
4 11
4 16
4 19
5 11
5 16
5 19
6 9
6 10
6 12
6 18
7 8
7 13
7 14
7 15
7 17
7 20
8 13
8 14
8 15
8 17
8 20
9 10
9 12
9 18
10 12
10 18
11 16
11 19
12 18
13 14
13 15
13 17
13 20
14 15
14 17
14 20
15 17
15 20
16 19
17 20
6 11
6 4
6 19
6 5
6 3
6 16
6 14
6 2
6 15
6 7
6 13
6 20
6 1
6 8
6 17
2 11
2 4
2 19
2 5
2 3
2 16
11 14
11 2
11 15
11 7
11 13
11 20
11 1
11 8
11 17
4 14
4 2
4 15
4 7
4 13
4 20
4 1
4 8
4 17
