140
1962
1 3
1 18
1 60
1 65
1 67
1 69
1 70
1 75
1 79
1 89
1 99
1 102
1 114
1 133
1 134
2 5
2 12
2 34
2 36
2 42
2 48
2 59
2 78
2 82
2 84
2 88
2 96
2 100
2 101
2 103
2 108
3 18
3 60
3 65
3 67
3 69
3 70
3 75
3 79
3 89
3 99
3 102
3 114
3 133
3 134
4 13
4 24
4 52
4 54
4 55
4 64
4 77
4 109
4 116
4 122
4 123
4 125
4 136
5 12
5 34
5 36
5 42
5 48
5 59
5 78
5 82
5 84
5 88
5 96
5 100
5 101
5 103
5 108
6 9
6 15
6 74
6 94
6 97
6 113
6 121
6 128
6 135
7 23
7 35
7 38
7 56
7 91
7 105
8 20
8 22
8 37
8 46
8 49
8 51
8 57
8 81
8 86
8 98
8 107
8 129
8 130
9 15
9 74
9 94
9 97
9 113
9 121
9 128
9 135
10 21
10 25
10 39
10 66
10 72
10 80
10 85
10 93
10 95
10 106
10 115
10 117
10 118
10 124
10 132
10 137
11 17
11 30
11 31
11 32
11 33
11 138
11 139
12 34
12 36
12 42
12 48
12 59
12 78
12 82
12 84
12 88
12 96
12 100
12 101
12 103
12 108
13 24
13 52
13 54
13 55
13 64
13 77
13 109
13 116
13 122
13 123
13 125
13 136
14 27
14 28
14 44
14 62
14 63
14 76
14 83
14 92
14 127
15 74
15 94
15 97
15 113
15 121
15 128
15 135
16 19
16 40
16 43
16 71
16 87
16 110
16 112
16 131
16 140
17 30
17 31
17 32
17 33
17 138
17 139
18 60
18 65
18 67
18 69
18 70
18 75
18 79
18 89
18 99
18 102
18 114
18 133
18 134
19 40
19 43
19 71
19 87
19 110
19 112
19 131
19 140
20 22
20 37
20 46
20 49
20 51
20 57
20 81
20 86
20 98
20 107
20 129
20 130
21 25
21 39
21 66
21 72
21 80
21 85
21 93
21 95
21 106
21 115
21 117
21 118
21 124
21 132
21 137
22 37
22 46
22 49
22 51
22 57
22 81
22 86
22 98
22 107
22 129
22 130
23 35
23 38
23 56
23 91
23 105
24 52
24 54
24 55
24 64
24 77
24 109
24 116
24 122
24 123
24 125
24 136
25 39
25 66
25 72
25 80
25 85
25 93
25 95
25 106
25 115
25 117
25 118
25 124
25 132
25 137
26 41
26 50
26 58
26 61
26 73
26 90
26 104
26 120
26 126
27 28
27 44
27 62
27 63
27 76
27 83
27 92
27 127
28 44
28 62
28 63
28 76
28 83
28 92
28 127
29 45
29 47
29 53
29 68
29 111
29 119
30 31
30 32
30 33
30 138
30 139
31 32
31 33
31 138
31 139
32 33
32 138
32 139
33 138
33 139
34 36
34 42
34 48
34 59
34 78
34 82
34 84
34 88
34 96
34 100
34 101
34 103
34 108
35 38
35 56
35 91
35 105
36 42
36 48
36 59
36 78
36 82
36 84
36 88
36 96
36 100
36 101
36 103
36 108
37 46
37 49
37 51
37 57
37 81
37 86
37 98
37 107
37 129
37 130
38 56
38 91
38 105
39 66
39 72
39 80
39 85
39 93
39 95
39 106
39 115
39 117
39 118
39 124
39 132
39 137
40 43
40 71
40 87
40 110
40 112
40 131
40 140
41 50
41 58
41 61
41 73
41 90
41 104
41 120
41 126
42 48
42 59
42 78
42 82
42 84
42 88
42 96
42 100
42 101
42 103
42 108
43 71
43 87
43 110
43 112
43 131
43 140
44 62
44 63
44 76
44 83
44 92
44 127
45 47
45 53
45 68
45 111
45 119
46 49
46 51
46 57
46 81
46 86
46 98
46 107
46 129
46 130
47 53
47 68
47 111
47 119
48 59
48 78
48 82
48 84
48 88
48 96
48 100
48 101
48 103
48 108
49 51
49 57
49 81
49 86
49 98
49 107
49 129
49 130
50 58
50 61
50 73
50 90
50 104
50 120
50 126
51 57
51 81
51 86
51 98
51 107
51 129
51 130
52 54
52 55
52 64
52 77
52 109
52 116
52 122
52 123
52 125
52 136
53 68
53 111
53 119
54 55
54 64
54 77
54 109
54 116
54 122
54 123
54 125
54 136
55 64
55 77
55 109
55 116
55 122
55 123
55 125
55 136
56 91
56 105
57 81
57 86
57 98
57 107
57 129
57 130
58 61
58 73
58 90
58 104
58 120
58 126
59 78
59 82
59 84
59 88
59 96
59 100
59 101
59 103
59 108
60 65
60 67
60 69
60 70
60 75
60 79
60 89
60 99
60 102
60 114
60 133
60 134
61 73
61 90
61 104
61 120
61 126
62 63
62 76
62 83
62 92
62 127
63 76
63 83
63 92
63 127
64 77
64 109
64 116
64 122
64 123
64 125
64 136
65 67
65 69
65 70
65 75
65 79
65 89
65 99
65 102
65 114
65 133
65 134
66 72
66 80
66 85
66 93
66 95
66 106
66 115
66 117
66 118
66 124
66 132
66 137
67 69
67 70
67 75
67 79
67 89
67 99
67 102
67 114
67 133
67 134
68 111
68 119
69 70
69 75
69 79
69 89
69 99
69 102
69 114
69 133
69 134
70 75
70 79
70 89
70 99
70 102
70 114
70 133
70 134
71 87
71 110
71 112
71 131
71 140
72 80
72 85
72 93
72 95
72 106
72 115
72 117
72 118
72 124
72 132
72 137
73 90
73 104
73 120
73 126
74 94
74 97
74 113
74 121
74 128
74 135
75 79
75 89
75 99
75 102
75 114
75 133
75 134
76 83
76 92
76 127
77 109
77 116
77 122
77 123
77 125
77 136
78 82
78 84
78 88
78 96
78 100
78 101
78 103
78 108
79 89
79 99
79 102
79 114
79 133
79 134
80 85
80 93
80 95
80 106
80 115
80 117
80 118
80 124
80 132
80 137
81 86
81 98
81 107
81 129
81 130
82 84
82 88
82 96
82 100
82 101
82 103
82 108
83 92
83 127
84 88
84 96
84 100
84 101
84 103
84 108
85 93
85 95
85 106
85 115
85 117
85 118
85 124
85 132
85 137
86 98
86 107
86 129
86 130
87 110
87 112
87 131
87 140
88 96
88 100
88 101
88 103
88 108
89 99
89 102
89 114
89 133
89 134
90 104
90 120
90 126
91 105
92 127
93 95
93 106
93 115
93 117
93 118
93 124
93 132
93 137
94 97
94 113
94 121
94 128
94 135
95 106
95 115
95 117
95 118
95 124
95 132
95 137
96 100
96 101
96 103
96 108
97 113
97 121
97 128
97 135
98 107
98 129
98 130
99 102
99 114
99 133
99 134
100 101
100 103
100 108
101 103
101 108
102 114
102 133
102 134
103 108
104 120
104 126
106 115
106 117
106 118
106 124
106 132
106 137
107 129
107 130
109 116
109 122
109 123
109 125
109 136
110 112
110 131
110 140
111 119
112 131
112 140
113 121
113 128
113 135
114 133
114 134
115 117
115 118
115 124
115 132
115 137
116 122
116 123
116 125
116 136
117 118
117 124
117 132
117 137
118 124
118 132
118 137
120 126
121 128
121 135
122 123
122 125
122 136
123 125
123 136
124 132
124 137
125 136
128 135
129 130
131 140
132 137
133 134
138 139
26 63
26 62
26 44
26 83
26 92
26 127
26 28
26 76
26 27
26 14
21 15
21 94
21 97
21 113
21 6
21 135
21 74
21 121
21 9
21 128
6 53
6 29
6 119
6 47
6 111
6 68
6 45
35 33
35 31
35 32
35 138
35 139
35 11
35 17
35 30
99 98
99 20
99 22
99 129
99 81
99 37
99 57
99 49
99 130
99 8
99 51
99 107
99 86
99 46
7 63
7 62
7 44
7 83
7 92
7 127
7 28
7 76
7 27
7 14
63 33
63 31
63 32
63 138
63 139
63 11
63 17
63 30
112 123
112 52
112 77
112 116
112 136
112 24
112 125
112 122
112 55
112 109
112 54
112 64
112 13
112 4
61 15
61 94
61 97
61 113
61 6
61 135
61 74
61 121
61 9
61 128
113 98
113 20
113 22
113 129
113 81
113 37
113 57
113 49
113 130
113 8
113 51
113 107
113 86
113 46
13 15
13 94
13 97
13 113
13 6
13 135
13 74
13 121
13 9
13 128
91 71
91 43
91 87
91 16
91 110
91 19
91 112
91 131
91 40
91 140
69 123
69 52
69 77
69 116
69 136
69 24
69 125
69 122
69 55
69 109
69 54
69 64
69 13
69 4
16 53
16 29
16 119
16 47
16 111
16 68
16 45
28 33
28 31
28 32
28 138
28 139
28 11
28 17
28 30
112 108
112 100
112 96
112 78
112 2
112 48
112 101
112 82
112 59
112 34
112 42
112 5
112 84
112 88
112 103
112 12
112 36
129 91
129 7
129 105
129 23
129 35
129 38
129 56
62 15
62 94
62 97
62 113
62 6
62 135
62 74
62 121
62 9
62 128
70 71
70 43
70 87
70 16
70 110
70 19
70 112
70 131
70 40
70 140
91 80
91 95
91 137
91 93
91 10
91 115
91 124
91 85
91 66
91 39
91 72
91 117
91 25
91 118
91 106
91 21
91 132
6 26
6 50
6 73
6 104
6 90
6 126
6 41
6 58
6 61
6 120
55 108
55 100
55 96
55 78
55 2
55 48
55 101
55 82
55 59
55 34
55 42
55 5
55 84
55 88
55 103
55 12
55 36
32 15
32 94
32 97
32 113
32 6
32 135
32 74
32 121
32 9
32 128
92 80
92 95
92 137
92 93
92 10
92 115
92 124
92 85
92 66
92 39
92 72
92 117
92 25
92 118
92 106
92 21
92 132
90 108
90 100
90 96
90 78
90 2
90 48
90 101
90 82
90 59
90 34
90 42
90 5
90 84
90 88
90 103
90 12
90 36
20 26
20 50
20 73
20 104
20 90
20 126
20 41
20 58
20 61
20 120
44 99
44 69
44 133
44 79
44 75
44 65
44 70
44 114
44 60
44 3
44 102
44 18
44 134
44 89
44 67
44 1
39 99
39 69
39 133
39 79
39 75
39 65
39 70
39 114
39 60
39 3
39 102
39 18
39 134
39 89
39 67
39 1
99 33
99 31
99 32
99 138
99 139
99 11
99 17
99 30
91 80
91 95
91 137
91 93
91 10
91 115
91 124
91 85
91 66
91 39
91 72
91 117
91 25
91 118
91 106
91 21
91 132
32 53
32 29
32 119
32 47
32 111
32 68
32 45
10 123
10 52
10 77
10 116
10 136
10 24
10 125
10 122
10 55
10 109
10 54
10 64
10 13
10 4
100 98
100 20
100 22
100 129
100 81
100 37
100 57
100 49
100 130
100 8
100 51
100 107
100 86
100 46
119 91
119 7
119 105
119 23
119 35
119 38
119 56
47 99
47 69
47 133
47 79
47 75
47 65
47 70
47 114
47 60
47 3
47 102
47 18
47 134
47 89
47 67
47 1
55 33
55 31
55 32
55 138
55 139
55 11
55 17
55 30
70 53
70 29
70 119
70 47
70 111
70 68
70 45
89 98
89 20
89 22
89 129
89 81
89 37
89 57
89 49
89 130
89 8
89 51
89 107
89 86
89 46
57 71
57 43
57 87
57 16
57 110
57 19
57 112
57 131
57 40
57 140
29 15
29 94
29 97
29 113
29 6
29 135
29 74
29 121
29 9
29 128
120 91
120 7
120 105
120 23
120 35
120 38
120 56
92 71
92 43
92 87
92 16
92 110
92 19
92 112
92 131
92 40
92 140
44 91
44 7
44 105
44 23
44 35
44 38
44 56
46 99
46 69
46 133
46 79
46 75
46 65
46 70
46 114
46 60
46 3
46 102
46 18
46 134
46 89
46 67
46 1
94 26
94 50
94 73
94 104
94 90
94 126
94 41
94 58
94 61
94 120
129 63
129 62
129 44
129 83
129 92
129 127
129 28
129 76
129 27
129 14
122 108
122 100
122 96
122 78
122 2
122 48
122 101
122 82
122 59
122 34
122 42
122 5
122 84
122 88
122 103
122 12
122 36
65 63
65 62
65 44
65 83
65 92
65 127
65 28
65 76
65 27
65 14
3 15
3 94
3 97
3 113
3 6
3 135
3 74
3 121
3 9
3 128
18 53
18 29
18 119
18 47
18 111
18 68
18 45
62 26
62 50
62 73
62 104
62 90
62 126
62 41
62 58
62 61
62 120
30 108
30 100
30 96
30 78
30 2
30 48
30 101
30 82
30 59
30 34
30 42
30 5
30 84
30 88
30 103
30 12
30 36
47 63
47 62
47 44
47 83
47 92
47 127
47 28
47 76
47 27
47 14
100 71
100 43
100 87
100 16
100 110
100 19
100 112
100 131
100 40
100 140
47 26
47 50
47 73
47 104
47 90
47 126
47 41
47 58
47 61
47 120
139 15
139 94
139 97
139 113
139 6
139 135
139 74
139 121
139 9
139 128
106 123
106 52
106 77
106 116
106 136
106 24
106 125
106 122
106 55
106 109
106 54
106 64
106 13
106 4
94 63
94 62
94 44
94 83
94 92
94 127
94 28
94 76
94 27
94 14
90 91
90 7
90 105
90 23
90 35
90 38
90 56
69 91
69 7
69 105
69 23
69 35
69 38
69 56
138 123
138 52
138 77
138 116
138 136
138 24
138 125
138 122
138 55
138 109
138 54
138 64
138 13
138 4
9 99
9 69
9 133
9 79
9 75
9 65
9 70
9 114
9 60
9 3
9 102
9 18
9 134
9 89
9 67
9 1
87 15
87 94
87 97
87 113
87 6
87 135
87 74
87 121
87 9
87 128
50 33
50 31
50 32
50 138
50 139
50 11
50 17
50 30
48 26
48 50
48 73
48 104
48 90
48 126
48 41
48 58
48 61
48 120
19 123
19 52
19 77
19 116
19 136
19 24
19 125
19 122
19 55
19 109
19 54
19 64
19 13
19 4
20 99
20 69
20 133
20 79
20 75
20 65
20 70
20 114
20 60
20 3
20 102
20 18
20 134
20 89
20 67
20 1
88 123
88 52
88 77
88 116
88 136
88 24
88 125
88 122
88 55
88 109
88 54
88 64
88 13
88 4
37 91
37 7
37 105
37 23
37 35
37 38
37 56
105 71
105 43
105 87
105 16
105 110
105 19
105 112
105 131
105 40
105 140
22 108
22 100
22 96
22 78
22 2
22 48
22 101
22 82
22 59
22 34
22 42
22 5
22 84
22 88
22 103
22 12
22 36
127 15
127 94
127 97
127 113
127 6
127 135
127 74
127 121
127 9
127 128
135 53
135 29
135 119
135 47
135 111
135 68
135 45
28 99
28 69
28 133
28 79
28 75
28 65
28 70
28 114
28 60
28 3
28 102
28 18
28 134
28 89
28 67
28 1
119 99
119 69
119 133
119 79
119 75
119 65
119 70
119 114
119 60
119 3
119 102
119 18
119 134
119 89
119 67
119 1
101 33
101 31
101 32
101 138
101 139
101 11
101 17
101 30
97 123
97 52
97 77
97 116
97 136
97 24
97 125
97 122
97 55
97 109
97 54
97 64
97 13
97 4
111 108
111 100
111 96
111 78
111 2
111 48
111 101
111 82
111 59
111 34
111 42
111 5
111 84
111 88
111 103
111 12
111 36
23 80
23 95
23 137
23 93
23 10
23 115
23 124
23 85
23 66
23 39
23 72
23 117
23 25
23 118
23 106
23 21
23 132
4 80
4 95
4 137
4 93
4 10
4 115
4 124
4 85
4 66
4 39
4 72
4 117
4 25
4 118
4 106
4 21
4 132
80 53
80 29
80 119
80 47
80 111
80 68
80 45
71 91
71 7
71 105
71 23
71 35
71 38
71 56
128 33
128 31
128 32
128 138
128 139
128 11
128 17
128 30
30 123
30 52
30 77
30 116
30 136
30 24
30 125
30 122
30 55
30 109
30 54
30 64
30 13
30 4
85 108
85 100
85 96
85 78
85 2
85 48
85 101
85 82
85 59
85 34
85 42
85 5
85 84
85 88
85 103
85 12
85 36
99 108
99 100
99 96
99 78
99 2
99 48
99 101
99 82
99 59
99 34
99 42
99 5
99 84
99 88
99 103
99 12
99 36
89 26
89 50
89 73
89 104
89 90
89 126
89 41
89 58
89 61
89 120
68 33
68 31
68 32
68 138
68 139
68 11
68 17
68 30
91 53
91 29
91 119
91 47
91 111
91 68
91 45
35 26
35 50
35 73
35 104
35 90
35 126
35 41
35 58
35 61
35 120
33 26
33 50
33 73
33 104
33 90
33 126
33 41
33 58
33 61
33 120
102 53
102 29
102 119
102 47
102 111
102 68
102 45
105 98
105 20
105 22
105 129
105 81
105 37
105 57
105 49
105 130
105 8
105 51
105 107
105 86
105 46
8 53
8 29
8 119
8 47
8 111
8 68
8 45
97 99
97 69
97 133
97 79
97 75
97 65
97 70
97 114
97 60
97 3
97 102
97 18
97 134
97 89
97 67
97 1
11 80
11 95
11 137
11 93
11 10
11 115
11 124
11 85
11 66
11 39
11 72
11 117
11 25
11 118
11 106
11 21
11 132
129 53
129 29
129 119
129 47
129 111
129 68
129 45
20 71
20 43
20 87
20 16
20 110
20 19
20 112
20 131
20 40
20 140
45 91
45 7
45 105
45 23
45 35
45 38
45 56
7 26
7 50
7 73
7 104
7 90
7 126
7 41
7 58
7 61
7 120
