160
3976
1 3
1 9
1 21
1 24
1 28
1 33
1 35
1 38
1 39
1 43
1 45
1 47
1 51
1 53
1 55
1 56
1 57
1 59
1 60
1 63
1 69
1 77
1 80
1 84
1 89
1 90
1 93
1 98
1 106
1 109
1 110
1 112
1 121
1 129
1 131
1 134
1 136
1 139
1 146
1 149
1 150
1 151
1 157
1 158
1 159
2 8
2 11
2 14
2 16
2 17
2 19
2 20
2 29
2 37
2 48
2 58
2 66
2 71
2 73
2 79
2 96
2 100
2 108
2 123
2 125
2 132
2 135
2 140
2 154
2 160
3 9
3 21
3 24
3 28
3 33
3 35
3 38
3 39
3 43
3 45
3 47
3 51
3 53
3 55
3 56
3 57
3 59
3 60
3 63
3 69
3 77
3 80
3 84
3 89
3 90
3 93
3 98
3 106
3 109
3 110
3 112
3 121
3 129
3 131
3 134
3 136
3 139
3 146
3 149
3 150
3 151
3 157
3 158
3 159
4 5
4 22
4 27
4 36
4 41
4 44
4 49
4 50
4 62
4 83
4 85
4 87
4 95
4 102
4 103
4 104
4 105
4 111
4 114
4 116
4 124
4 130
4 142
4 143
4 145
4 147
4 152
4 155
5 22
5 27
5 36
5 41
5 44
5 49
5 50
5 62
5 83
5 85
5 87
5 95
5 102
5 103
5 104
5 105
5 111
5 114
5 116
5 124
5 130
5 142
5 143
5 145
5 147
5 152
5 155
6 7
6 10
6 12
6 13
6 15
6 18
6 23
6 25
6 26
6 30
6 31
6 32
6 34
6 40
6 42
6 46
6 52
6 54
6 61
6 64
6 65
6 67
6 68
6 70
6 72
6 74
6 75
6 76
6 78
6 81
6 82
6 86
6 88
6 91
6 92
6 94
6 97
6 99
6 101
6 107
6 113
6 115
6 117
6 118
6 119
6 120
6 122
6 126
6 127
6 128
6 133
6 137
6 138
6 141
6 144
6 148
6 153
6 156
7 10
7 12
7 13
7 15
7 18
7 23
7 25
7 26
7 30
7 31
7 32
7 34
7 40
7 42
7 46
7 52
7 54
7 61
7 64
7 65
7 67
7 68
7 70
7 72
7 74
7 75
7 76
7 78
7 81
7 82
7 86
7 88
7 91
7 92
7 94
7 97
7 99
7 101
7 107
7 113
7 115
7 117
7 118
7 119
7 120
7 122
7 126
7 127
7 128
7 133
7 137
7 138
7 141
7 144
7 148
7 153
7 156
8 11
8 14
8 16
8 17
8 19
8 20
8 29
8 37
8 48
8 58
8 66
8 71
8 73
8 79
8 96
8 100
8 108
8 123
8 125
8 132
8 135
8 140
8 154
8 160
9 21
9 24
9 28
9 33
9 35
9 38
9 39
9 43
9 45
9 47
9 51
9 53
9 55
9 56
9 57
9 59
9 60
9 63
9 69
9 77
9 80
9 84
9 89
9 90
9 93
9 98
9 106
9 109
9 110
9 112
9 121
9 129
9 131
9 134
9 136
9 139
9 146
9 149
9 150
9 151
9 157
9 158
9 159
10 12
10 13
10 15
10 18
10 23
10 25
10 26
10 30
10 31
10 32
10 34
10 40
10 42
10 46
10 52
10 54
10 61
10 64
10 65
10 67
10 68
10 70
10 72
10 74
10 75
10 76
10 78
10 81
10 82
10 86
10 88
10 91
10 92
10 94
10 97
10 99
10 101
10 107
10 113
10 115
10 117
10 118
10 119
10 120
10 122
10 126
10 127
10 128
10 133
10 137
10 138
10 141
10 144
10 148
10 153
10 156
11 14
11 16
11 17
11 19
11 20
11 29
11 37
11 48
11 58
11 66
11 71
11 73
11 79
11 96
11 100
11 108
11 123
11 125
11 132
11 135
11 140
11 154
11 160
12 13
12 15
12 18
12 23
12 25
12 26
12 30
12 31
12 32
12 34
12 40
12 42
12 46
12 52
12 54
12 61
12 64
12 65
12 67
12 68
12 70
12 72
12 74
12 75
12 76
12 78
12 81
12 82
12 86
12 88
12 91
12 92
12 94
12 97
12 99
12 101
12 107
12 113
12 115
12 117
12 118
12 119
12 120
12 122
12 126
12 127
12 128
12 133
12 137
12 138
12 141
12 144
12 148
12 153
12 156
13 15
13 18
13 23
13 25
13 26
13 30
13 31
13 32
13 34
13 40
13 42
13 46
13 52
13 54
13 61
13 64
13 65
13 67
13 68
13 70
13 72
13 74
13 75
13 76
13 78
13 81
13 82
13 86
13 88
13 91
13 92
13 94
13 97
13 99
13 101
13 107
13 113
13 115
13 117
13 118
13 119
13 120
13 122
13 126
13 127
13 128
13 133
13 137
13 138
13 141
13 144
13 148
13 153
13 156
14 16
14 17
14 19
14 20
14 29
14 37
14 48
14 58
14 66
14 71
14 73
14 79
14 96
14 100
14 108
14 123
14 125
14 132
14 135
14 140
14 154
14 160
15 18
15 23
15 25
15 26
15 30
15 31
15 32
15 34
15 40
15 42
15 46
15 52
15 54
15 61
15 64
15 65
15 67
15 68
15 70
15 72
15 74
15 75
15 76
15 78
15 81
15 82
15 86
15 88
15 91
15 92
15 94
15 97
15 99
15 101
15 107
15 113
15 115
15 117
15 118
15 119
15 120
15 122
15 126
15 127
15 128
15 133
15 137
15 138
15 141
15 144
15 148
15 153
15 156
16 17
16 19
16 20
16 29
16 37
16 48
16 58
16 66
16 71
16 73
16 79
16 96
16 100
16 108
16 123
16 125
16 132
16 135
16 140
16 154
16 160
17 19
17 20
17 29
17 37
17 48
17 58
17 66
17 71
17 73
17 79
17 96
17 100
17 108
17 123
17 125
17 132
17 135
17 140
17 154
17 160
18 23
18 25
18 26
18 30
18 31
18 32
18 34
18 40
18 42
18 46
18 52
18 54
18 61
18 64
18 65
18 67
18 68
18 70
18 72
18 74
18 75
18 76
18 78
18 81
18 82
18 86
18 88
18 91
18 92
18 94
18 97
18 99
18 101
18 107
18 113
18 115
18 117
18 118
18 119
18 120
18 122
18 126
18 127
18 128
18 133
18 137
18 138
18 141
18 144
18 148
18 153
18 156
19 20
19 29
19 37
19 48
19 58
19 66
19 71
19 73
19 79
19 96
19 100
19 108
19 123
19 125
19 132
19 135
19 140
19 154
19 160
20 29
20 37
20 48
20 58
20 66
20 71
20 73
20 79
20 96
20 100
20 108
20 123
20 125
20 132
20 135
20 140
20 154
20 160
21 24
21 28
21 33
21 35
21 38
21 39
21 43
21 45
21 47
21 51
21 53
21 55
21 56
21 57
21 59
21 60
21 63
21 69
21 77
21 80
21 84
21 89
21 90
21 93
21 98
21 106
21 109
21 110
21 112
21 121
21 129
21 131
21 134
21 136
21 139
21 146
21 149
21 150
21 151
21 157
21 158
21 159
22 27
22 36
22 41
22 44
22 49
22 50
22 62
22 83
22 85
22 87
22 95
22 102
22 103
22 104
22 105
22 111
22 114
22 116
22 124
22 130
22 142
22 143
22 145
22 147
22 152
22 155
23 25
23 26
23 30
23 31
23 32
23 34
23 40
23 42
23 46
23 52
23 54
23 61
23 64
23 65
23 67
23 68
23 70
23 72
23 74
23 75
23 76
23 78
23 81
23 82
23 86
23 88
23 91
23 92
23 94
23 97
23 99
23 101
23 107
23 113
23 115
23 117
23 118
23 119
23 120
23 122
23 126
23 127
23 128
23 133
23 137
23 138
23 141
23 144
23 148
23 153
23 156
24 28
24 33
24 35
24 38
24 39
24 43
24 45
24 47
24 51
24 53
24 55
24 56
24 57
24 59
24 60
24 63
24 69
24 77
24 80
24 84
24 89
24 90
24 93
24 98
24 106
24 109
24 110
24 112
24 121
24 129
24 131
24 134
24 136
24 139
24 146
24 149
24 150
24 151
24 157
24 158
24 159
25 26
25 30
25 31
25 32
25 34
25 40
25 42
25 46
25 52
25 54
25 61
25 64
25 65
25 67
25 68
25 70
25 72
25 74
25 75
25 76
25 78
25 81
25 82
25 86
25 88
25 91
25 92
25 94
25 97
25 99
25 101
25 107
25 113
25 115
25 117
25 118
25 119
25 120
25 122
25 126
25 127
25 128
25 133
25 137
25 138
25 141
25 144
25 148
25 153
25 156
26 30
26 31
26 32
26 34
26 40
26 42
26 46
26 52
26 54
26 61
26 64
26 65
26 67
26 68
26 70
26 72
26 74
26 75
26 76
26 78
26 81
26 82
26 86
26 88
26 91
26 92
26 94
26 97
26 99
26 101
26 107
26 113
26 115
26 117
26 118
26 119
26 120
26 122
26 126
26 127
26 128
26 133
26 137
26 138
26 141
26 144
26 148
26 153
26 156
27 36
27 41
27 44
27 49
27 50
27 62
27 83
27 85
27 87
27 95
27 102
27 103
27 104
27 105
27 111
27 114
27 116
27 124
27 130
27 142
27 143
27 145
27 147
27 152
27 155
28 33
28 35
28 38
28 39
28 43
28 45
28 47
28 51
28 53
28 55
28 56
28 57
28 59
28 60
28 63
28 69
28 77
28 80
28 84
28 89
28 90
28 93
28 98
28 106
28 109
28 110
28 112
28 121
28 129
28 131
28 134
28 136
28 139
28 146
28 149
28 150
28 151
28 157
28 158
28 159
29 37
29 48
29 58
29 66
29 71
29 73
29 79
29 96
29 100
29 108
29 123
29 125
29 132
29 135
29 140
29 154
29 160
30 31
30 32
30 34
30 40
30 42
30 46
30 52
30 54
30 61
30 64
30 65
30 67
30 68
30 70
30 72
30 74
30 75
30 76
30 78
30 81
30 82
30 86
30 88
30 91
30 92
30 94
30 97
30 99
30 101
30 107
30 113
30 115
30 117
30 118
30 119
30 120
30 122
30 126
30 127
30 128
30 133
30 137
30 138
30 141
30 144
30 148
30 153
30 156
31 32
31 34
31 40
31 42
31 46
31 52
31 54
31 61
31 64
31 65
31 67
31 68
31 70
31 72
31 74
31 75
31 76
31 78
31 81
31 82
31 86
31 88
31 91
31 92
31 94
31 97
31 99
31 101
31 107
31 113
31 115
31 117
31 118
31 119
31 120
31 122
31 126
31 127
31 128
31 133
31 137
31 138
31 141
31 144
31 148
31 153
31 156
32 34
32 40
32 42
32 46
32 52
32 54
32 61
32 64
32 65
32 67
32 68
32 70
32 72
32 74
32 75
32 76
32 78
32 81
32 82
32 86
32 88
32 91
32 92
32 94
32 97
32 99
32 101
32 107
32 113
32 115
32 117
32 118
32 119
32 120
32 122
32 126
32 127
32 128
32 133
32 137
32 138
32 141
32 144
32 148
32 153
32 156
33 35
33 38
33 39
33 43
33 45
33 47
33 51
33 53
33 55
33 56
33 57
33 59
33 60
33 63
33 69
33 77
33 80
33 84
33 89
33 90
33 93
33 98
33 106
33 109
33 110
33 112
33 121
33 129
33 131
33 134
33 136
33 139
33 146
33 149
33 150
33 151
33 157
33 158
33 159
34 40
34 42
34 46
34 52
34 54
34 61
34 64
34 65
34 67
34 68
34 70
34 72
34 74
34 75
34 76
34 78
34 81
34 82
34 86
34 88
34 91
34 92
34 94
34 97
34 99
34 101
34 107
34 113
34 115
34 117
34 118
34 119
34 120
34 122
34 126
34 127
34 128
34 133
34 137
34 138
34 141
34 144
34 148
34 153
34 156
35 38
35 39
35 43
35 45
35 47
35 51
35 53
35 55
35 56
35 57
35 59
35 60
35 63
35 69
35 77
35 80
35 84
35 89
35 90
35 93
35 98
35 106
35 109
35 110
35 112
35 121
35 129
35 131
35 134
35 136
35 139
35 146
35 149
35 150
35 151
35 157
35 158
35 159
36 41
36 44
36 49
36 50
36 62
36 83
36 85
36 87
36 95
36 102
36 103
36 104
36 105
36 111
36 114
36 116
36 124
36 130
36 142
36 143
36 145
36 147
36 152
36 155
37 48
37 58
37 66
37 71
37 73
37 79
37 96
37 100
37 108
37 123
37 125
37 132
37 135
37 140
37 154
37 160
38 39
38 43
38 45
38 47
38 51
38 53
38 55
38 56
38 57
38 59
38 60
38 63
38 69
38 77
38 80
38 84
38 89
38 90
38 93
38 98
38 106
38 109
38 110
38 112
38 121
38 129
38 131
38 134
38 136
38 139
38 146
38 149
38 150
38 151
38 157
38 158
38 159
39 43
39 45
39 47
39 51
39 53
39 55
39 56
39 57
39 59
39 60
39 63
39 69
39 77
39 80
39 84
39 89
39 90
39 93
39 98
39 106
39 109
39 110
39 112
39 121
39 129
39 131
39 134
39 136
39 139
39 146
39 149
39 150
39 151
39 157
39 158
39 159
40 42
40 46
40 52
40 54
40 61
40 64
40 65
40 67
40 68
40 70
40 72
40 74
40 75
40 76
40 78
40 81
40 82
40 86
40 88
40 91
40 92
40 94
40 97
40 99
40 101
40 107
40 113
40 115
40 117
40 118
40 119
40 120
40 122
40 126
40 127
40 128
40 133
40 137
40 138
40 141
40 144
40 148
40 153
40 156
41 44
41 49
41 50
41 62
41 83
41 85
41 87
41 95
41 102
41 103
41 104
41 105
41 111
41 114
41 116
41 124
41 130
41 142
41 143
41 145
41 147
41 152
41 155
42 46
42 52
42 54
42 61
42 64
42 65
42 67
42 68
42 70
42 72
42 74
42 75
42 76
42 78
42 81
42 82
42 86
42 88
42 91
42 92
42 94
42 97
42 99
42 101
42 107
42 113
42 115
42 117
42 118
42 119
42 120
42 122
42 126
42 127
42 128
42 133
42 137
42 138
42 141
42 144
42 148
42 153
42 156
43 45
43 47
43 51
43 53
43 55
43 56
43 57
43 59
43 60
43 63
43 69
43 77
43 80
43 84
43 89
43 90
43 93
43 98
43 106
43 109
43 110
43 112
43 121
43 129
43 131
43 134
43 136
43 139
43 146
43 149
43 150
43 151
43 157
43 158
43 159
44 49
44 50
44 62
44 83
44 85
44 87
44 95
44 102
44 103
44 104
44 105
44 111
44 114
44 116
44 124
44 130
44 142
44 143
44 145
44 147
44 152
44 155
45 47
45 51
45 53
45 55
45 56
45 57
45 59
45 60
45 63
45 69
45 77
45 80
45 84
45 89
45 90
45 93
45 98
45 106
45 109
45 110
45 112
45 121
45 129
45 131
45 134
45 136
45 139
45 146
45 149
45 150
45 151
45 157
45 158
45 159
46 52
46 54
46 61
46 64
46 65
46 67
46 68
46 70
46 72
46 74
46 75
46 76
46 78
46 81
46 82
46 86
46 88
46 91
46 92
46 94
46 97
46 99
46 101
46 107
46 113
46 115
46 117
46 118
46 119
46 120
46 122
46 126
46 127
46 128
46 133
46 137
46 138
46 141
46 144
46 148
46 153
46 156
47 51
47 53
47 55
47 56
47 57
47 59
47 60
47 63
47 69
47 77
47 80
47 84
47 89
47 90
47 93
47 98
47 106
47 109
47 110
47 112
47 121
47 129
47 131
47 134
47 136
47 139
47 146
47 149
47 150
47 151
47 157
47 158
47 159
48 58
48 66
48 71
48 73
48 79
48 96
48 100
48 108
48 123
48 125
48 132
48 135
48 140
48 154
48 160
49 50
49 62
49 83
49 85
49 87
49 95
49 102
49 103
49 104
49 105
49 111
49 114
49 116
49 124
49 130
49 142
49 143
49 145
49 147
49 152
49 155
50 62
50 83
50 85
50 87
50 95
50 102
50 103
50 104
50 105
50 111
50 114
50 116
50 124
50 130
50 142
50 143
50 145
50 147
50 152
50 155
51 53
51 55
51 56
51 57
51 59
51 60
51 63
51 69
51 77
51 80
51 84
51 89
51 90
51 93
51 98
51 106
51 109
51 110
51 112
51 121
51 129
51 131
51 134
51 136
51 139
51 146
51 149
51 150
51 151
51 157
51 158
51 159
52 54
52 61
52 64
52 65
52 67
52 68
52 70
52 72
52 74
52 75
52 76
52 78
52 81
52 82
52 86
52 88
52 91
52 92
52 94
52 97
52 99
52 101
52 107
52 113
52 115
52 117
52 118
52 119
52 120
52 122
52 126
52 127
52 128
52 133
52 137
52 138
52 141
52 144
52 148
52 153
52 156
53 55
53 56
53 57
53 59
53 60
53 63
53 69
53 77
53 80
53 84
53 89
53 90
53 93
53 98
53 106
53 109
53 110
53 112
53 121
53 129
53 131
53 134
53 136
53 139
53 146
53 149
53 150
53 151
53 157
53 158
53 159
54 61
54 64
54 65
54 67
54 68
54 70
54 72
54 74
54 75
54 76
54 78
54 81
54 82
54 86
54 88
54 91
54 92
54 94
54 97
54 99
54 101
54 107
54 113
54 115
54 117
54 118
54 119
54 120
54 122
54 126
54 127
54 128
54 133
54 137
54 138
54 141
54 144
54 148
54 153
54 156
55 56
55 57
55 59
55 60
55 63
55 69
55 77
55 80
55 84
55 89
55 90
55 93
55 98
55 106
55 109
55 110
55 112
55 121
55 129
55 131
55 134
55 136
55 139
55 146
55 149
55 150
55 151
55 157
55 158
55 159
56 57
56 59
56 60
56 63
56 69
56 77
56 80
56 84
56 89
56 90
56 93
56 98
56 106
56 109
56 110
56 112
56 121
56 129
56 131
56 134
56 136
56 139
56 146
56 149
56 150
56 151
56 157
56 158
56 159
57 59
57 60
57 63
57 69
57 77
57 80
57 84
57 89
57 90
57 93
57 98
57 106
57 109
57 110
57 112
57 121
57 129
57 131
57 134
57 136
57 139
57 146
57 149
57 150
57 151
57 157
57 158
57 159
58 66
58 71
58 73
58 79
58 96
58 100
58 108
58 123
58 125
58 132
58 135
58 140
58 154
58 160
59 60
59 63
59 69
59 77
59 80
59 84
59 89
59 90
59 93
59 98
59 106
59 109
59 110
59 112
59 121
59 129
59 131
59 134
59 136
59 139
59 146
59 149
59 150
59 151
59 157
59 158
59 159
60 63
60 69
60 77
60 80
60 84
60 89
60 90
60 93
60 98
60 106
60 109
60 110
60 112
60 121
60 129
60 131
60 134
60 136
60 139
60 146
60 149
60 150
60 151
60 157
60 158
60 159
61 64
61 65
61 67
61 68
61 70
61 72
61 74
61 75
61 76
61 78
61 81
61 82
61 86
61 88
61 91
61 92
61 94
61 97
61 99
61 101
61 107
61 113
61 115
61 117
61 118
61 119
61 120
61 122
61 126
61 127
61 128
61 133
61 137
61 138
61 141
61 144
61 148
61 153
61 156
62 83
62 85
62 87
62 95
62 102
62 103
62 104
62 105
62 111
62 114
62 116
62 124
62 130
62 142
62 143
62 145
62 147
62 152
62 155
63 69
63 77
63 80
63 84
63 89
63 90
63 93
63 98
63 106
63 109
63 110
63 112
63 121
63 129
63 131
63 134
63 136
63 139
63 146
63 149
63 150
63 151
63 157
63 158
63 159
64 65
64 67
64 68
64 70
64 72
64 74
64 75
64 76
64 78
64 81
64 82
64 86
64 88
64 91
64 92
64 94
64 97
64 99
64 101
64 107
64 113
64 115
64 117
64 118
64 119
64 120
64 122
64 126
64 127
64 128
64 133
64 137
64 138
64 141
64 144
64 148
64 153
64 156
65 67
65 68
65 70
65 72
65 74
65 75
65 76
65 78
65 81
65 82
65 86
65 88
65 91
65 92
65 94
65 97
65 99
65 101
65 107
65 113
65 115
65 117
65 118
65 119
65 120
65 122
65 126
65 127
65 128
65 133
65 137
65 138
65 141
65 144
65 148
65 153
65 156
66 71
66 73
66 79
66 96
66 100
66 108
66 123
66 125
66 132
66 135
66 140
66 154
66 160
67 68
67 70
67 72
67 74
67 75
67 76
67 78
67 81
67 82
67 86
67 88
67 91
67 92
67 94
67 97
67 99
67 101
67 107
67 113
67 115
67 117
67 118
67 119
67 120
67 122
67 126
67 127
67 128
67 133
67 137
67 138
67 141
67 144
67 148
67 153
67 156
68 70
68 72
68 74
68 75
68 76
68 78
68 81
68 82
68 86
68 88
68 91
68 92
68 94
68 97
68 99
68 101
68 107
68 113
68 115
68 117
68 118
68 119
68 120
68 122
68 126
68 127
68 128
68 133
68 137
68 138
68 141
68 144
68 148
68 153
68 156
69 77
69 80
69 84
69 89
69 90
69 93
69 98
69 106
69 109
69 110
69 112
69 121
69 129
69 131
69 134
69 136
69 139
69 146
69 149
69 150
69 151
69 157
69 158
69 159
70 72
70 74
70 75
70 76
70 78
70 81
70 82
70 86
70 88
70 91
70 92
70 94
70 97
70 99
70 101
70 107
70 113
70 115
70 117
70 118
70 119
70 120
70 122
70 126
70 127
70 128
70 133
70 137
70 138
70 141
70 144
70 148
70 153
70 156
71 73
71 79
71 96
71 100
71 108
71 123
71 125
71 132
71 135
71 140
71 154
71 160
72 74
72 75
72 76
72 78
72 81
72 82
72 86
72 88
72 91
72 92
72 94
72 97
72 99
72 101
72 107
72 113
72 115
72 117
72 118
72 119
72 120
72 122
72 126
72 127
72 128
72 133
72 137
72 138
72 141
72 144
72 148
72 153
72 156
73 79
73 96
73 100
73 108
73 123
73 125
73 132
73 135
73 140
73 154
73 160
74 75
74 76
74 78
74 81
74 82
74 86
74 88
74 91
74 92
74 94
74 97
74 99
74 101
74 107
74 113
74 115
74 117
74 118
74 119
74 120
74 122
74 126
74 127
74 128
74 133
74 137
74 138
74 141
74 144
74 148
74 153
74 156
75 76
75 78
75 81
75 82
75 86
75 88
75 91
75 92
75 94
75 97
75 99
75 101
75 107
75 113
75 115
75 117
75 118
75 119
75 120
75 122
75 126
75 127
75 128
75 133
75 137
75 138
75 141
75 144
75 148
75 153
75 156
76 78
76 81
76 82
76 86
76 88
76 91
76 92
76 94
76 97
76 99
76 101
76 107
76 113
76 115
76 117
76 118
76 119
76 120
76 122
76 126
76 127
76 128
76 133
76 137
76 138
76 141
76 144
76 148
76 153
76 156
77 80
77 84
77 89
77 90
77 93
77 98
77 106
77 109
77 110
77 112
77 121
77 129
77 131
77 134
77 136
77 139
77 146
77 149
77 150
77 151
77 157
77 158
77 159
78 81
78 82
78 86
78 88
78 91
78 92
78 94
78 97
78 99
78 101
78 107
78 113
78 115
78 117
78 118
78 119
78 120
78 122
78 126
78 127
78 128
78 133
78 137
78 138
78 141
78 144
78 148
78 153
78 156
79 96
79 100
79 108
79 123
79 125
79 132
79 135
79 140
79 154
79 160
80 84
80 89
80 90
80 93
80 98
80 106
80 109
80 110
80 112
80 121
80 129
80 131
80 134
80 136
80 139
80 146
80 149
80 150
80 151
80 157
80 158
80 159
81 82
81 86
81 88
81 91
81 92
81 94
81 97
81 99
81 101
81 107
81 113
81 115
81 117
81 118
81 119
81 120
81 122
81 126
81 127
81 128
81 133
81 137
81 138
81 141
81 144
81 148
81 153
81 156
82 86
82 88
82 91
82 92
82 94
82 97
82 99
82 101
82 107
82 113
82 115
82 117
82 118
82 119
82 120
82 122
82 126
82 127
82 128
82 133
82 137
82 138
82 141
82 144
82 148
82 153
82 156
83 85
83 87
83 95
83 102
83 103
83 104
83 105
83 111
83 114
83 116
83 124
83 130
83 142
83 143
83 145
83 147
83 152
83 155
84 89
84 90
84 93
84 98
84 106
84 109
84 110
84 112
84 121
84 129
84 131
84 134
84 136
84 139
84 146
84 149
84 150
84 151
84 157
84 158
84 159
85 87
85 95
85 102
85 103
85 104
85 105
85 111
85 114
85 116
85 124
85 130
85 142
85 143
85 145
85 147
85 152
85 155
86 88
86 91
86 92
86 94
86 97
86 99
86 101
86 107
86 113
86 115
86 117
86 118
86 119
86 120
86 122
86 126
86 127
86 128
86 133
86 137
86 138
86 141
86 144
86 148
86 153
86 156
87 95
87 102
87 103
87 104
87 105
87 111
87 114
87 116
87 124
87 130
87 142
87 143
87 145
87 147
87 152
87 155
88 91
88 92
88 94
88 97
88 99
88 101
88 107
88 113
88 115
88 117
88 118
88 119
88 120
88 122
88 126
88 127
88 128
88 133
88 137
88 138
88 141
88 144
88 148
88 153
88 156
89 90
89 93
89 98
89 106
89 109
89 110
89 112
89 121
89 129
89 131
89 134
89 136
89 139
89 146
89 149
89 150
89 151
89 157
89 158
89 159
90 93
90 98
90 106
90 109
90 110
90 112
90 121
90 129
90 131
90 134
90 136
90 139
90 146
90 149
90 150
90 151
90 157
90 158
90 159
91 92
91 94
91 97
91 99
91 101
91 107
91 113
91 115
91 117
91 118
91 119
91 120
91 122
91 126
91 127
91 128
91 133
91 137
91 138
91 141
91 144
91 148
91 153
91 156
92 94
92 97
92 99
92 101
92 107
92 113
92 115
92 117
92 118
92 119
92 120
92 122
92 126
92 127
92 128
92 133
92 137
92 138
92 141
92 144
92 148
92 153
92 156
93 98
93 106
93 109
93 110
93 112
93 121
93 129
93 131
93 134
93 136
93 139
93 146
93 149
93 150
93 151
93 157
93 158
93 159
94 97
94 99
94 101
94 107
94 113
94 115
94 117
94 118
94 119
94 120
94 122
94 126
94 127
94 128
94 133
94 137
94 138
94 141
94 144
94 148
94 153
94 156
95 102
95 103
95 104
95 105
95 111
95 114
95 116
95 124
95 130
95 142
95 143
95 145
95 147
95 152
95 155
96 100
96 108
96 123
96 125
96 132
96 135
96 140
96 154
96 160
97 99
97 101
97 107
97 113
97 115
97 117
97 118
97 119
97 120
97 122
97 126
97 127
97 128
97 133
97 137
97 138
97 141
97 144
97 148
97 153
97 156
98 106
98 109
98 110
98 112
98 121
98 129
98 131
98 134
98 136
98 139
98 146
98 149
98 150
98 151
98 157
98 158
98 159
99 101
99 107
99 113
99 115
99 117
99 118
99 119
99 120
99 122
99 126
99 127
99 128
99 133
99 137
99 138
99 141
99 144
99 148
99 153
99 156
100 108
100 123
100 125
100 132
100 135
100 140
100 154
100 160
101 107
101 113
101 115
101 117
101 118
101 119
101 120
101 122
101 126
101 127
101 128
101 133
101 137
101 138
101 141
101 144
101 148
101 153
101 156
102 103
102 104
102 105
102 111
102 114
102 116
102 124
102 130
102 142
102 143
102 145
102 147
102 152
102 155
103 104
103 105
103 111
103 114
103 116
103 124
103 130
103 142
103 143
103 145
103 147
103 152
103 155
104 105
104 111
104 114
104 116
104 124
104 130
104 142
104 143
104 145
104 147
104 152
104 155
105 111
105 114
105 116
105 124
105 130
105 142
105 143
105 145
105 147
105 152
105 155
106 109
106 110
106 112
106 121
106 129
106 131
106 134
106 136
106 139
106 146
106 149
106 150
106 151
106 157
106 158
106 159
107 113
107 115
107 117
107 118
107 119
107 120
107 122
107 126
107 127
107 128
107 133
107 137
107 138
107 141
107 144
107 148
107 153
107 156
108 123
108 125
108 132
108 135
108 140
108 154
108 160
109 110
109 112
109 121
109 129
109 131
109 134
109 136
109 139
109 146
109 149
109 150
109 151
109 157
109 158
109 159
110 112
110 121
110 129
110 131
110 134
110 136
110 139
110 146
110 149
110 150
110 151
110 157
110 158
110 159
111 114
111 116
111 124
111 130
111 142
111 143
111 145
111 147
111 152
111 155
112 121
112 129
112 131
112 134
112 136
112 139
112 146
112 149
112 150
112 151
112 157
112 158
112 159
113 115
113 117
113 118
113 119
113 120
113 122
113 126
113 127
113 128
113 133
113 137
113 138
113 141
113 144
113 148
113 153
113 156
114 116
114 124
114 130
114 142
114 143
114 145
114 147
114 152
114 155
115 117
115 118
115 119
115 120
115 122
115 126
115 127
115 128
115 133
115 137
115 138
115 141
115 144
115 148
115 153
115 156
116 124
116 130
116 142
116 143
116 145
116 147
116 152
116 155
117 118
117 119
117 120
117 122
117 126
117 127
117 128
117 133
117 137
117 138
117 141
117 144
117 148
117 153
117 156
118 119
118 120
118 122
118 126
118 127
118 128
118 133
118 137
118 138
118 141
118 144
118 148
118 153
118 156
119 120
119 122
119 126
119 127
119 128
119 133
119 137
119 138
119 141
119 144
119 148
119 153
119 156
120 122
120 126
120 127
120 128
120 133
120 137
120 138
120 141
120 144
120 148
120 153
120 156
121 129
121 131
121 134
121 136
121 139
121 146
121 149
121 150
121 151
121 157
121 158
121 159
122 126
122 127
122 128
122 133
122 137
122 138
122 141
122 144
122 148
122 153
122 156
123 125
123 132
123 135
123 140
123 154
123 160
124 130
124 142
124 143
124 145
124 147
124 152
124 155
125 132
125 135
125 140
125 154
125 160
126 127
126 128
126 133
126 137
126 138
126 141
126 144
126 148
126 153
126 156
127 128
127 133
127 137
127 138
127 141
127 144
127 148
127 153
127 156
128 133
128 137
128 138
128 141
128 144
128 148
128 153
128 156
129 131
129 134
129 136
129 139
129 146
129 149
129 150
129 151
129 157
129 158
129 159
130 142
130 143
130 145
130 147
130 152
130 155
131 134
131 136
131 139
131 146
131 149
131 150
131 151
131 157
131 158
131 159
132 135
132 140
132 154
132 160
133 137
133 138
133 141
133 144
133 148
133 153
133 156
134 136
134 139
134 146
134 149
134 150
134 151
134 157
134 158
134 159
135 140
135 154
135 160
136 139
136 146
136 149
136 150
136 151
136 157
136 158
136 159
137 138
137 141
137 144
137 148
137 153
137 156
138 141
138 144
138 148
138 153
138 156
139 146
139 149
139 150
139 151
139 157
139 158
139 159
140 154
140 160
141 144
141 148
141 153
141 156
142 143
142 145
142 147
142 152
142 155
143 145
143 147
143 152
143 155
144 148
144 153
144 156
145 147
145 152
145 155
146 149
146 150
146 151
146 157
146 158
146 159
147 152
147 155
148 153
148 156
149 150
149 151
149 157
149 158
149 159
150 151
150 157
150 158
150 159
151 157
151 158
151 159
152 155
153 156
154 160
157 158
157 159
158 159
51 75
51 68
51 78
51 6
51 107
51 144
51 118
51 120
51 92
51 42
51 82
51 97
51 13
51 76
51 128
51 119
51 25
51 156
51 18
51 61
51 54
51 117
51 67
51 127
51 15
51 32
51 52
51 153
51 91
51 133
51 122
51 12
51 70
51 34
51 40
51 26
51 86
51 88
51 138
51 31
51 65
51 81
51 126
51 10
51 141
51 113
51 72
51 74
51 148
51 137
51 94
51 30
51 99
51 115
51 101
51 64
51 46
51 7
51 23
44 160
44 11
44 132
44 58
44 8
44 154
44 123
44 2
44 20
44 14
44 29
44 17
44 71
44 135
44 19
44 48
44 125
44 79
44 108
44 73
44 100
44 37
44 16
44 66
44 96
44 140
160 53
160 157
160 112
160 110
160 150
160 98
160 69
160 93
160 57
160 84
160 159
160 63
160 90
160 38
160 35
160 131
160 45
160 28
160 9
160 77
160 47
160 80
160 59
160 149
160 139
160 55
160 43
160 146
160 3
160 129
160 56
160 39
160 1
160 106
160 134
160 109
160 151
160 24
160 33
160 136
160 60
160 51
160 121
160 158
160 21
160 89
57 75
57 68
57 78
57 6
57 107
57 144
57 118
57 120
57 92
57 42
57 82
57 97
57 13
57 76
57 128
57 119
57 25
57 156
57 18
57 61
57 54
57 117
57 67
57 127
57 15
57 32
57 52
57 153
57 91
57 133
57 122
57 12
57 70
57 34
57 40
57 26
57 86
57 88
57 138
57 31
57 65
57 81
57 126
57 10
57 141
57 113
57 72
57 74
57 148
57 137
57 94
57 30
57 99
57 115
57 101
57 64
57 46
57 7
57 23
159 75
159 68
159 78
159 6
159 107
159 144
159 118
159 120
159 92
159 42
159 82
159 97
159 13
159 76
159 128
159 119
159 25
159 156
159 18
159 61
159 54
159 117
159 67
159 127
159 15
159 32
159 52
159 153
159 91
159 133
159 122
159 12
159 70
159 34
159 40
159 26
159 86
159 88
159 138
159 31
159 65
159 81
159 126
159 10
159 141
159 113
159 72
159 74
159 148
159 137
159 94
159 30
159 99
159 115
159 101
159 64
159 46
159 7
159 23
159 75
159 68
159 78
159 6
159 107
159 144
159 118
159 120
159 92
159 42
159 82
159 97
159 13
159 76
159 128
159 119
159 25
159 156
159 18
159 61
159 54
159 117
159 67
159 127
159 15
159 32
159 52
159 153
159 91
159 133
159 122
159 12
159 70
159 34
159 40
159 26
159 86
159 88
159 138
159 31
159 65
159 81
159 126
159 10
159 141
159 113
159 72
159 74
159 148
159 137
159 94
159 30
159 99
159 115
159 101
159 64
159 46
159 7
159 23
147 75
147 68
147 78
147 6
147 107
147 144
147 118
147 120
147 92
147 42
147 82
147 97
147 13
147 76
147 128
147 119
147 25
147 156
147 18
147 61
147 54
147 117
147 67
147 127
147 15
147 32
147 52
147 153
147 91
147 133
147 122
147 12
147 70
147 34
147 40
147 26
147 86
147 88
147 138
147 31
147 65
147 81
147 126
147 10
147 141
147 113
147 72
147 74
147 148
147 137
147 94
147 30
147 99
147 115
147 101
147 64
147 46
147 7
147 23
58 75
58 68
58 78
58 6
58 107
58 144
58 118
58 120
58 92
58 42
58 82
58 97
58 13
58 76
58 128
58 119
58 25
58 156
58 18
58 61
58 54
58 117
58 67
58 127
58 15
58 32
58 52
58 153
58 91
58 133
58 122
58 12
58 70
58 34
58 40
58 26
58 86
58 88
58 138
58 31
58 65
58 81
58 126
58 10
58 141
58 113
58 72
58 74
58 148
58 137
58 94
58 30
58 99
58 115
58 101
58 64
58 46
58 7
58 23
124 53
124 157
124 112
124 110
124 150
124 98
124 69
124 93
124 57
124 84
124 159
124 63
124 90
124 38
124 35
124 131
124 45
124 28
124 9
124 77
124 47
124 80
124 59
124 149
124 139
124 55
124 43
124 146
124 3
124 129
124 56
124 39
124 1
124 106
124 134
124 109
124 151
124 24
124 33
124 136
124 60
124 51
124 121
124 158
124 21
124 89
24 160
24 11
24 132
24 58
24 8
24 154
24 123
24 2
24 20
24 14
24 29
24 17
24 71
24 135
24 19
24 48
24 125
24 79
24 108
24 73
24 100
24 37
24 16
24 66
24 96
24 140
