160
574
1 46
1 69
1 86
1 101
1 107
1 130
2 44
2 75
2 111
3 109
3 140
3 153
4 51
4 83
4 112
4 127
5 20
5 96
5 146
5 160
6 9
6 28
6 40
6 61
6 74
7 21
7 62
7 89
7 100
7 105
8 125
8 152
9 28
9 40
9 61
9 74
10 18
10 67
10 118
10 149
10 158
11 29
11 49
11 73
11 99
11 103
11 110
11 133
11 137
12 47
12 65
12 68
12 76
12 78
12 108
12 115
13 25
13 92
14 27
14 30
14 31
14 37
14 79
14 113
14 141
15 53
15 60
15 81
15 147
16 42
16 54
16 59
16 71
16 93
17 43
17 84
17 87
17 95
17 102
17 120
17 159
18 67
18 118
18 149
18 158
19 50
19 97
19 122
19 129
19 135
19 150
20 96
20 146
20 160
21 62
21 89
21 100
21 105
22 33
22 34
22 56
22 124
22 154
23 26
23 63
23 157
24 38
24 52
24 88
25 92
26 63
26 157
27 30
27 31
27 37
27 79
27 113
27 141
28 40
28 61
28 74
29 49
29 73
29 99
29 103
29 110
29 133
29 137
30 31
30 37
30 79
30 113
30 141
31 37
31 79
31 113
31 141
32 64
32 128
32 148
32 156
33 34
33 56
33 124
33 154
34 56
34 124
34 154
35 57
35 85
35 91
35 136
36 94
36 104
36 139
36 145
37 79
37 113
37 141
38 52
38 88
39 48
39 58
39 66
39 98
40 61
40 74
41 55
41 72
41 77
41 80
41 117
41 142
42 54
42 59
42 71
42 93
43 84
43 87
43 95
43 102
43 120
43 159
44 75
44 111
45 70
45 106
45 114
45 138
46 69
46 86
46 101
46 107
46 130
47 65
47 68
47 76
47 78
47 108
47 115
48 58
48 66
48 98
49 73
49 99
49 103
49 110
49 133
49 137
50 97
50 122
50 129
50 135
50 150
51 83
51 112
51 127
52 88
53 60
53 81
53 147
54 59
54 71
54 93
55 72
55 77
55 80
55 117
55 142
56 124
56 154
57 85
57 91
57 136
58 66
58 98
59 71
59 93
60 81
60 147
61 74
62 89
62 100
62 105
63 157
64 128
64 148
64 156
65 68
65 76
65 78
65 108
65 115
66 98
67 118
67 149
67 158
68 76
68 78
68 108
68 115
69 86
69 101
69 107
69 130
70 106
70 114
70 138
71 93
72 77
72 80
72 117
72 142
73 99
73 103
73 110
73 133
73 137
75 111
76 78
76 108
76 115
77 80
77 117
77 142
78 108
78 115
79 113
79 141
80 117
80 142
81 147
82 143
82 144
83 112
83 127
84 87
84 95
84 102
84 120
84 159
85 91
85 136
86 101
86 107
86 130
87 95
87 102
87 120
87 159
89 100
89 105
90 119
90 121
91 136
94 104
94 139
94 145
95 102
95 120
95 159
96 146
96 160
97 122
97 129
97 135
97 150
99 103
99 110
99 133
99 137
100 105
101 107
101 130
102 120
102 159
103 110
103 133
103 137
104 139
104 145
106 114
106 138
107 130
108 115
109 140
109 153
110 133
110 137
112 127
113 141
114 138
116 126
116 131
116 132
117 142
118 149
118 158
119 121
120 159
122 129
122 135
122 150
123 134
123 151
123 155
124 154
125 152
126 131
126 132
128 148
128 156
129 135
129 150
131 132
133 137
134 151
134 155
135 150
139 145
140 153
143 144
146 160
148 156
149 158
151 155
134 70
134 138
134 106
134 114
134 45
32 160
32 146
32 5
32 96
32 20
15 119
15 121
15 90
90 149
90 10
90 118
90 67
90 158
90 18
109 64
109 32
109 148
109 128
109 156
88 111
88 75
88 2
88 44
31 145
31 36
31 139
31 94
31 104
94 93
94 42
94 16
94 71
94 59
94 54
119 47
119 78
119 65
119 115
119 12
119 76
119 108
119 68
6 56
6 154
6 33
6 22
6 124
6 34
122 113
122 14
122 31
122 30
122 141
122 27
122 37
122 79
64 89
64 21
64 62
64 7
64 100
64 105
132 109
132 153
132 3
132 140
52 119
52 121
52 90
83 69
83 86
83 1
83 101
83 107
83 46
83 130
13 83
13 127
13 112
13 4
13 51
49 147
49 60
49 53
49 15
49 81
24 144
24 143
24 82
127 145
127 36
127 139
127 94
127 104
8 17
8 102
8 120
8 87
8 43
8 159
8 84
8 95
77 56
77 154
77 33
77 22
77 124
77 34
141 119
141 121
141 90
151 111
151 75
151 2
151 44
83 142
83 72
83 77
83 55
83 117
83 80
83 41
20 113
20 14
20 31
20 30
20 141
20 27
20 37
20 79
152 69
152 86
152 1
152 101
152 107
152 46
152 130
128 123
128 151
128 134
128 155
8 19
8 150
8 122
8 129
8 50
8 97
8 135
26 123
26 151
26 134
26 155
102 83
102 127
102 112
102 4
102 51
51 40
51 9
51 74
51 28
51 61
51 6
61 116
61 132
61 131
61 126
53 58
53 98
53 66
53 48
53 39
54 19
54 150
54 122
54 129
54 50
54 97
54 135
25 8
25 125
25 152
