120
438
1 34
1 66
1 82
2 30
2 53
2 63
2 93
2 104
3 27
3 49
3 52
3 84
4 28
4 57
4 81
4 85
4 95
5 11
5 19
5 71
5 112
6 9
6 35
6 75
6 77
6 89
7 32
7 40
7 73
7 98
8 10
8 68
8 105
8 106
9 35
9 75
9 77
9 89
10 68
10 105
10 106
11 19
11 71
11 112
12 15
12 80
12 88
12 115
13 46
13 62
13 72
13 92
14 18
14 58
14 64
14 70
14 113
15 80
15 88
15 115
16 17
16 108
17 108
18 58
18 64
18 70
18 113
19 71
19 112
20 45
20 50
20 56
20 90
21 31
21 54
21 60
21 100
22 26
22 47
22 76
22 78
22 97
22 119
23 33
23 42
23 51
23 86
24 29
24 69
24 74
24 87
24 103
24 114
25 39
25 120
26 47
26 76
26 78
26 97
26 119
27 49
27 52
27 84
28 57
28 81
28 85
28 95
29 69
29 74
29 87
29 103
29 114
30 53
30 63
30 93
30 104
31 54
31 60
31 100
32 40
32 73
32 98
33 42
33 51
33 86
34 66
34 82
35 75
35 77
35 89
36 101
37 43
37 83
37 102
37 110
38 48
38 79
38 99
38 109
39 120
40 73
40 98
41 65
41 91
42 51
42 86
43 83
43 102
43 110
44 59
44 61
44 96
44 107
45 50
45 56
45 90
46 62
46 72
46 92
47 76
47 78
47 97
47 119
48 79
48 99
48 109
49 52
49 84
50 56
50 90
51 86
52 84
53 63
53 93
53 104
54 60
54 100
55 67
55 94
55 111
55 118
56 90
57 81
57 85
57 95
58 64
58 70
58 113
59 61
59 96
59 107
60 100
61 96
61 107
62 72
62 92
63 93
63 104
64 70
64 113
65 91
66 82
67 94
67 111
67 118
68 105
68 106
69 74
69 87
69 103
69 114
70 113
71 112
72 92
73 98
74 87
74 103
74 114
75 77
75 89
76 78
76 97
76 119
77 89
78 97
78 119
79 99
79 109
80 88
80 115
81 85
81 95
83 102
83 110
85 95
87 103
87 114
88 115
93 104
94 111
94 118
96 107
97 119
99 109
102 110
103 114
105 106
111 118
116 117
9 116
9 117
76 12
76 88
76 80
76 115
76 15
68 75
68 6
68 89
68 35
68 77
68 9
94 100
94 54
94 31
94 60
94 21
115 100
115 54
115 31
115 60
115 21
110 71
110 11
110 112
110 19
110 5
36 63
36 53
36 104
36 2
36 93
36 30
27 111
27 67
27 55
27 118
27 94
46 75
46 6
46 89
46 35
46 77
46 9
29 101
29 36
115 71
115 11
115 112
115 19
115 5
21 46
21 72
21 92
21 13
21 62
50 78
50 26
50 119
50 97
50 47
50 22
50 76
30 101
30 36
5 101
5 36
74 102
74 83
74 43
74 110
74 37
55 106
55 68
55 8
55 10
55 105
68 73
68 7
68 98
68 32
68 40
65 116
65 117
29 101
29 36
85 100
85 54
85 31
85 60
85 21
112 79
112 38
112 99
112 109
112 48
49 91
49 65
49 41
13 24
13 114
13 74
13 69
13 29
13 87
13 103
37 3
37 84
37 52
37 27
37 49
118 100
118 54
118 31
118 60
118 21
110 78
110 26
110 119
110 97
110 47
110 22
110 76
60 71
60 11
60 112
60 19
60 5
120 108
120 16
120 17
33 95
33 28
33 85
33 57
33 81
33 4
87 73
87 7
87 98
87 32
87 40
116 39
116 120
116 25
70 23
70 51
70 42
70 33
70 86
32 113
32 70
32 18
32 64
32 58
32 14
46 24
46 114
46 74
46 69
46 29
46 87
46 103
77 107
77 44
77 61
77 59
77 96
7 91
7 65
7 41
45 100
45 54
45 31
45 60
45 21
101 100
101 54
101 31
101 60
101 21
112 63
112 53
112 104
112 2
112 93
112 30
