80
495
1 7
1 8
1 18
1 38
1 67
1 68
1 71
1 77
2 14
2 21
2 29
2 37
2 40
2 42
2 49
2 66
2 73
3 6
3 23
3 30
3 58
3 61
3 74
3 75
4 13
4 15
4 19
4 22
4 35
4 47
4 51
4 54
4 56
4 78
4 79
5 10
5 20
5 24
5 31
5 32
5 44
5 57
5 62
5 64
5 69
6 23
6 30
6 58
6 61
6 74
6 75
7 8
7 18
7 38
7 67
7 68
7 71
7 77
8 18
8 38
8 67
8 68
8 71
8 77
9 11
9 12
9 17
9 25
9 34
9 43
9 50
9 63
9 70
10 20
10 24
10 31
10 32
10 44
10 57
10 62
10 64
10 69
11 12
11 17
11 25
11 34
11 43
11 50
11 63
11 70
12 17
12 25
12 34
12 43
12 50
12 63
12 70
13 15
13 19
13 22
13 35
13 47
13 51
13 54
13 56
13 78
13 79
14 21
14 29
14 37
14 40
14 42
14 49
14 66
14 73
15 19
15 22
15 35
15 47
15 51
15 54
15 56
15 78
15 79
16 48
16 59
16 60
17 25
17 34
17 43
17 50
17 63
17 70
18 38
18 67
18 68
18 71
18 77
19 22
19 35
19 47
19 51
19 54
19 56
19 78
19 79
20 24
20 31
20 32
20 44
20 57
20 62
20 64
20 69
21 29
21 37
21 40
21 42
21 49
21 66
21 73
22 35
22 47
22 51
22 54
22 56
22 78
22 79
23 30
23 58
23 61
23 74
23 75
24 31
24 32
24 44
24 57
24 62
24 64
24 69
25 34
25 43
25 50
25 63
25 70
26 28
26 36
26 55
27 39
27 41
27 52
27 65
27 72
27 80
28 36
28 55
29 37
29 40
29 42
29 49
29 66
29 73
30 58
30 61
30 74
30 75
31 32
31 44
31 57
31 62
31 64
31 69
32 44
32 57
32 62
32 64
32 69
33 45
33 46
33 53
33 76
34 43
34 50
34 63
34 70
35 47
35 51
35 54
35 56
35 78
35 79
36 55
37 40
37 42
37 49
37 66
37 73
38 67
38 68
38 71
38 77
39 41
39 52
39 65
39 72
39 80
40 42
40 49
40 66
40 73
41 52
41 65
41 72
41 80
42 49
42 66
42 73
43 50
43 63
43 70
44 57
44 62
44 64
44 69
45 46
45 53
45 76
46 53
46 76
47 51
47 54
47 56
47 78
47 79
48 59
48 60
49 66
49 73
50 63
50 70
51 54
51 56
51 78
51 79
52 65
52 72
52 80
53 76
54 56
54 78
54 79
56 78
56 79
57 62
57 64
57 69
58 61
58 74
58 75
59 60
61 74
61 75
62 64
62 69
63 70
64 69
65 72
65 80
66 73
67 68
67 71
67 77
68 71
68 77
71 77
72 80
74 75
78 79
35 45
35 46
35 53
35 33
35 76
47 45
47 46
47 53
47 33
47 76
26 18
26 67
26 68
26 1
26 8
26 7
26 38
26 77
26 71
65 61
65 30
65 58
65 75
65 6
65 23
65 3
65 74
5 9
5 25
5 70
5 43
5 50
5 17
5 11
5 34
5 12
5 63
66 45
66 46
66 53
66 33
66 76
1 36
1 28
1 26
1 55
39 51
39 15
39 35
39 22
39 56
39 79
39 19
39 47
39 4
39 13
39 78
39 54
4 9
4 25
4 70
4 43
4 50
4 17
4 11
4 34
4 12
4 63
59 61
59 30
59 58
59 75
59 6
59 23
59 3
59 74
62 59
62 48
62 16
62 60
59 29
59 66
59 21
59 42
59 40
59 37
59 73
59 49
59 2
59 14
24 9
24 25
24 70
24 43
24 50
24 17
24 11
24 34
24 12
24 63
67 29
67 66
67 21
67 42
67 40
67 37
67 73
67 49
67 2
67 14
11 36
11 28
11 26
11 55
23 36
23 28
23 26
23 55
23 29
23 66
23 21
23 42
23 40
23 37
23 73
23 49
23 2
23 14
70 10
70 5
70 31
70 32
70 24
70 20
70 64
70 44
70 57
70 62
70 69
71 45
71 46
71 53
71 33
71 76
36 45
36 46
36 53
36 33
36 76
53 10
53 5
53 31
53 32
53 24
53 20
53 64
53 44
53 57
53 62
53 69
41 59
41 48
41 16
41 60
60 51
60 15
60 35
60 22
60 56
60 79
60 19
60 47
60 4
60 13
60 78
60 54
