120
2424
1 12
1 19
1 21
1 30
1 40
1 47
1 51
1 52
1 65
1 68
1 71
1 75
1 83
1 85
1 86
1 88
1 105
1 107
1 110
1 113
1 116
1 120
2 10
2 14
2 16
2 17
2 20
2 27
2 31
2 33
2 37
2 43
2 46
2 57
2 60
2 61
2 72
2 76
2 82
2 90
2 92
2 97
2 98
2 99
2 101
2 102
2 106
2 111
2 114
2 117
2 118
3 4
3 6
3 11
3 15
3 22
3 23
3 26
3 38
3 39
3 42
3 44
3 45
3 49
3 50
3 62
3 63
3 67
3 69
3 70
3 79
3 81
3 91
3 94
3 112
3 115
4 6
4 11
4 15
4 22
4 23
4 26
4 38
4 39
4 42
4 44
4 45
4 49
4 50
4 62
4 63
4 67
4 69
4 70
4 79
4 81
4 91
4 94
4 112
4 115
5 7
5 8
5 9
5 24
5 35
5 55
5 74
5 84
5 93
5 95
5 109
6 11
6 15
6 22
6 23
6 26
6 38
6 39
6 42
6 44
6 45
6 49
6 50
6 62
6 63
6 67
6 69
6 70
6 79
6 81
6 91
6 94
6 112
6 115
7 8
7 9
7 24
7 35
7 55
7 74
7 84
7 93
7 95
7 109
8 9
8 24
8 35
8 55
8 74
8 84
8 93
8 95
8 109
9 24
9 35
9 55
9 74
9 84
9 93
9 95
9 109
10 14
10 16
10 17
10 20
10 27
10 31
10 33
10 37
10 43
10 46
10 57
10 60
10 61
10 72
10 76
10 82
10 90
10 92
10 97
10 98
10 99
10 101
10 102
10 106
10 111
10 114
10 117
10 118
11 15
11 22
11 23
11 26
11 38
11 39
11 42
11 44
11 45
11 49
11 50
11 62
11 63
11 67
11 69
11 70
11 79
11 81
11 91
11 94
11 112
11 115
12 19
12 21
12 30
12 40
12 47
12 51
12 52
12 65
12 68
12 71
12 75
12 83
12 85
12 86
12 88
12 105
12 107
12 110
12 113
12 116
12 120
13 18
13 25
13 28
13 29
13 32
13 34
13 36
13 41
13 48
13 53
13 54
13 56
13 58
13 59
13 64
13 66
13 73
13 77
13 78
13 80
13 87
13 89
13 96
13 100
13 103
13 104
13 108
13 119
14 16
14 17
14 20
14 27
14 31
14 33
14 37
14 43
14 46
14 57
14 60
14 61
14 72
14 76
14 82
14 90
14 92
14 97
14 98
14 99
14 101
14 102
14 106
14 111
14 114
14 117
14 118
15 22
15 23
15 26
15 38
15 39
15 42
15 44
15 45
15 49
15 50
15 62
15 63
15 67
15 69
15 70
15 79
15 81
15 91
15 94
15 112
15 115
16 17
16 20
16 27
16 31
16 33
16 37
16 43
16 46
16 57
16 60
16 61
16 72
16 76
16 82
16 90
16 92
16 97
16 98
16 99
16 101
16 102
16 106
16 111
16 114
16 117
16 118
17 20
17 27
17 31
17 33
17 37
17 43
17 46
17 57
17 60
17 61
17 72
17 76
17 82
17 90
17 92
17 97
17 98
17 99
17 101
17 102
17 106
17 111
17 114
17 117
17 118
18 25
18 28
18 29
18 32
18 34
18 36
18 41
18 48
18 53
18 54
18 56
18 58
18 59
18 64
18 66
18 73
18 77
18 78
18 80
18 87
18 89
18 96
18 100
18 103
18 104
18 108
18 119
19 21
19 30
19 40
19 47
19 51
19 52
19 65
19 68
19 71
19 75
19 83
19 85
19 86
19 88
19 105
19 107
19 110
19 113
19 116
19 120
20 27
20 31
20 33
20 37
20 43
20 46
20 57
20 60
20 61
20 72
20 76
20 82
20 90
20 92
20 97
20 98
20 99
20 101
20 102
20 106
20 111
20 114
20 117
20 118
21 30
21 40
21 47
21 51
21 52
21 65
21 68
21 71
21 75
21 83
21 85
21 86
21 88
21 105
21 107
21 110
21 113
21 116
21 120
22 23
22 26
22 38
22 39
22 42
22 44
22 45
22 49
22 50
22 62
22 63
22 67
22 69
22 70
22 79
22 81
22 91
22 94
22 112
22 115
23 26
23 38
23 39
23 42
23 44
23 45
23 49
23 50
23 62
23 63
23 67
23 69
23 70
23 79
23 81
23 91
23 94
23 112
23 115
24 35
24 55
24 74
24 84
24 93
24 95
24 109
25 28
25 29
25 32
25 34
25 36
25 41
25 48
25 53
25 54
25 56
25 58
25 59
25 64
25 66
25 73
25 77
25 78
25 80
25 87
25 89
25 96
25 100
25 103
25 104
25 108
25 119
26 38
26 39
26 42
26 44
26 45
26 49
26 50
26 62
26 63
26 67
26 69
26 70
26 79
26 81
26 91
26 94
26 112
26 115
27 31
27 33
27 37
27 43
27 46
27 57
27 60
27 61
27 72
27 76
27 82
27 90
27 92
27 97
27 98
27 99
27 101
27 102
27 106
27 111
27 114
27 117
27 118
28 29
28 32
28 34
28 36
28 41
28 48
28 53
28 54
28 56
28 58
28 59
28 64
28 66
28 73
28 77
28 78
28 80
28 87
28 89
28 96
28 100
28 103
28 104
28 108
28 119
29 32
29 34
29 36
29 41
29 48
29 53
29 54
29 56
29 58
29 59
29 64
29 66
29 73
29 77
29 78
29 80
29 87
29 89
29 96
29 100
29 103
29 104
29 108
29 119
30 40
30 47
30 51
30 52
30 65
30 68
30 71
30 75
30 83
30 85
30 86
30 88
30 105
30 107
30 110
30 113
30 116
30 120
31 33
31 37
31 43
31 46
31 57
31 60
31 61
31 72
31 76
31 82
31 90
31 92
31 97
31 98
31 99
31 101
31 102
31 106
31 111
31 114
31 117
31 118
32 34
32 36
32 41
32 48
32 53
32 54
32 56
32 58
32 59
32 64
32 66
32 73
32 77
32 78
32 80
32 87
32 89
32 96
32 100
32 103
32 104
32 108
32 119
33 37
33 43
33 46
33 57
33 60
33 61
33 72
33 76
33 82
33 90
33 92
33 97
33 98
33 99
33 101
33 102
33 106
33 111
33 114
33 117
33 118
34 36
34 41
34 48
34 53
34 54
34 56
34 58
34 59
34 64
34 66
34 73
34 77
34 78
34 80
34 87
34 89
34 96
34 100
34 103
34 104
34 108
34 119
35 55
35 74
35 84
35 93
35 95
35 109
36 41
36 48
36 53
36 54
36 56
36 58
36 59
36 64
36 66
36 73
36 77
36 78
36 80
36 87
36 89
36 96
36 100
36 103
36 104
36 108
36 119
37 43
37 46
37 57
37 60
37 61
37 72
37 76
37 82
37 90
37 92
37 97
37 98
37 99
37 101
37 102
37 106
37 111
37 114
37 117
37 118
38 39
38 42
38 44
38 45
38 49
38 50
38 62
38 63
38 67
38 69
38 70
38 79
38 81
38 91
38 94
38 112
38 115
39 42
39 44
39 45
39 49
39 50
39 62
39 63
39 67
39 69
39 70
39 79
39 81
39 91
39 94
39 112
39 115
40 47
40 51
40 52
40 65
40 68
40 71
40 75
40 83
40 85
40 86
40 88
40 105
40 107
40 110
40 113
40 116
40 120
41 48
41 53
41 54
41 56
41 58
41 59
41 64
41 66
41 73
41 77
41 78
41 80
41 87
41 89
41 96
41 100
41 103
41 104
41 108
41 119
42 44
42 45
42 49
42 50
42 62
42 63
42 67
42 69
42 70
42 79
42 81
42 91
42 94
42 112
42 115
43 46
43 57
43 60
43 61
43 72
43 76
43 82
43 90
43 92
43 97
43 98
43 99
43 101
43 102
43 106
43 111
43 114
43 117
43 118
44 45
44 49
44 50
44 62
44 63
44 67
44 69
44 70
44 79
44 81
44 91
44 94
44 112
44 115
45 49
45 50
45 62
45 63
45 67
45 69
45 70
45 79
45 81
45 91
45 94
45 112
45 115
46 57
46 60
46 61
46 72
46 76
46 82
46 90
46 92
46 97
46 98
46 99
46 101
46 102
46 106
46 111
46 114
46 117
46 118
47 51
47 52
47 65
47 68
47 71
47 75
47 83
47 85
47 86
47 88
47 105
47 107
47 110
47 113
47 116
47 120
48 53
48 54
48 56
48 58
48 59
48 64
48 66
48 73
48 77
48 78
48 80
48 87
48 89
48 96
48 100
48 103
48 104
48 108
48 119
49 50
49 62
49 63
49 67
49 69
49 70
49 79
49 81
49 91
49 94
49 112
49 115
50 62
50 63
50 67
50 69
50 70
50 79
50 81
50 91
50 94
50 112
50 115
51 52
51 65
51 68
51 71
51 75
51 83
51 85
51 86
51 88
51 105
51 107
51 110
51 113
51 116
51 120
52 65
52 68
52 71
52 75
52 83
52 85
52 86
52 88
52 105
52 107
52 110
52 113
52 116
52 120
53 54
53 56
53 58
53 59
53 64
53 66
53 73
53 77
53 78
53 80
53 87
53 89
53 96
53 100
53 103
53 104
53 108
53 119
54 56
54 58
54 59
54 64
54 66
54 73
54 77
54 78
54 80
54 87
54 89
54 96
54 100
54 103
54 104
54 108
54 119
55 74
55 84
55 93
55 95
55 109
56 58
56 59
56 64
56 66
56 73
56 77
56 78
56 80
56 87
56 89
56 96
56 100
56 103
56 104
56 108
56 119
57 60
57 61
57 72
57 76
57 82
57 90
57 92
57 97
57 98
57 99
57 101
57 102
57 106
57 111
57 114
57 117
57 118
58 59
58 64
58 66
58 73
58 77
58 78
58 80
58 87
58 89
58 96
58 100
58 103
58 104
58 108
58 119
59 64
59 66
59 73
59 77
59 78
59 80
59 87
59 89
59 96
59 100
59 103
59 104
59 108
59 119
60 61
60 72
60 76
60 82
60 90
60 92
60 97
60 98
60 99
60 101
60 102
60 106
60 111
60 114
60 117
60 118
61 72
61 76
61 82
61 90
61 92
61 97
61 98
61 99
61 101
61 102
61 106
61 111
61 114
61 117
61 118
62 63
62 67
62 69
62 70
62 79
62 81
62 91
62 94
62 112
62 115
63 67
63 69
63 70
63 79
63 81
63 91
63 94
63 112
63 115
64 66
64 73
64 77
64 78
64 80
64 87
64 89
64 96
64 100
64 103
64 104
64 108
64 119
65 68
65 71
65 75
65 83
65 85
65 86
65 88
65 105
65 107
65 110
65 113
65 116
65 120
66 73
66 77
66 78
66 80
66 87
66 89
66 96
66 100
66 103
66 104
66 108
66 119
67 69
67 70
67 79
67 81
67 91
67 94
67 112
67 115
68 71
68 75
68 83
68 85
68 86
68 88
68 105
68 107
68 110
68 113
68 116
68 120
69 70
69 79
69 81
69 91
69 94
69 112
69 115
70 79
70 81
70 91
70 94
70 112
70 115
71 75
71 83
71 85
71 86
71 88
71 105
71 107
71 110
71 113
71 116
71 120
72 76
72 82
72 90
72 92
72 97
72 98
72 99
72 101
72 102
72 106
72 111
72 114
72 117
72 118
73 77
73 78
73 80
73 87
73 89
73 96
73 100
73 103
73 104
73 108
73 119
74 84
74 93
74 95
74 109
75 83
75 85
75 86
75 88
75 105
75 107
75 110
75 113
75 116
75 120
76 82
76 90
76 92
76 97
76 98
76 99
76 101
76 102
76 106
76 111
76 114
76 117
76 118
77 78
77 80
77 87
77 89
77 96
77 100
77 103
77 104
77 108
77 119
78 80
78 87
78 89
78 96
78 100
78 103
78 104
78 108
78 119
79 81
79 91
79 94
79 112
79 115
80 87
80 89
80 96
80 100
80 103
80 104
80 108
80 119
81 91
81 94
81 112
81 115
82 90
82 92
82 97
82 98
82 99
82 101
82 102
82 106
82 111
82 114
82 117
82 118
83 85
83 86
83 88
83 105
83 107
83 110
83 113
83 116
83 120
84 93
84 95
84 109
85 86
85 88
85 105
85 107
85 110
85 113
85 116
85 120
86 88
86 105
86 107
86 110
86 113
86 116
86 120
87 89
87 96
87 100
87 103
87 104
87 108
87 119
88 105
88 107
88 110
88 113
88 116
88 120
89 96
89 100
89 103
89 104
89 108
89 119
90 92
90 97
90 98
90 99
90 101
90 102
90 106
90 111
90 114
90 117
90 118
91 94
91 112
91 115
92 97
92 98
92 99
92 101
92 102
92 106
92 111
92 114
92 117
92 118
93 95
93 109
94 112
94 115
95 109
96 100
96 103
96 104
96 108
96 119
97 98
97 99
97 101
97 102
97 106
97 111
97 114
97 117
97 118
98 99
98 101
98 102
98 106
98 111
98 114
98 117
98 118
99 101
99 102
99 106
99 111
99 114
99 117
99 118
100 103
100 104
100 108
100 119
101 102
101 106
101 111
101 114
101 117
101 118
102 106
102 111
102 114
102 117
102 118
103 104
103 108
103 119
104 108
104 119
105 107
105 110
105 113
105 116
105 120
106 111
106 114
106 117
106 118
107 110
107 113
107 116
107 120
108 119
110 113
110 116
110 120
111 114
111 117
111 118
112 115
113 116
113 120
114 117
114 118
116 120
117 118
76 93
76 7
76 24
76 5
76 95
76 74
76 9
76 35
76 109
76 55
76 84
76 8
40 81
40 38
40 67
40 94
40 70
40 50
40 62
40 44
40 45
40 26
40 22
40 63
40 115
40 49
40 4
40 15
40 39
40 11
40 112
40 91
40 42
40 23
40 6
40 69
40 3
40 79
41 93
41 7
41 24
41 5
41 95
41 74
41 9
41 35
41 109
41 55
41 84
41 8
70 40
70 85
70 12
70 47
70 21
70 86
70 75
70 88
70 51
70 68
70 71
70 107
70 52
70 65
70 120
70 116
70 83
70 105
70 19
70 110
70 113
70 30
70 1
53 93
53 7
53 24
53 5
53 95
53 74
53 9
53 35
53 109
53 55
53 84
53 8
84 40
84 85
84 12
84 47
84 21
84 86
84 75
84 88
84 51
84 68
84 71
84 107
84 52
84 65
84 120
84 116
84 83
84 105
84 19
84 110
84 113
84 30
84 1
18 99
18 46
18 2
18 17
18 16
18 98
18 111
18 117
18 27
18 102
18 57
18 37
18 43
18 76
18 31
18 101
18 118
18 106
18 97
18 82
18 61
18 114
18 90
18 14
18 10
18 20
18 33
18 72
18 60
18 92
93 36
93 25
93 34
93 64
93 73
93 54
93 59
93 29
93 89
93 77
93 96
93 78
93 108
93 13
93 104
93 41
93 56
93 53
93 100
93 119
93 87
93 32
93 80
93 48
93 18
93 66
93 58
93 103
93 28
95 99
95 46
95 2
95 17
95 16
95 98
95 111
95 117
95 27
95 102
95 57
95 37
95 43
95 76
95 31
95 101
95 118
95 106
95 97
95 82
95 61
95 114
95 90
95 14
95 10
95 20
95 33
95 72
95 60
95 92
41 99
41 46
41 2
41 17
41 16
41 98
41 111
41 117
41 27
41 102
41 57
41 37
41 43
41 76
41 31
41 101
41 118
41 106
41 97
41 82
41 61
41 114
41 90
41 14
41 10
41 20
41 33
41 72
41 60
41 92
5 81
5 38
5 67
5 94
5 70
5 50
5 62
5 44
5 45
5 26
5 22
5 63
5 115
5 49
5 4
5 15
5 39
5 11
5 112
5 91
5 42
5 23
5 6
5 69
5 3
5 79
16 36
16 25
16 34
16 64
16 73
16 54
16 59
16 29
16 89
16 77
16 96
16 78
16 108
16 13
16 104
16 41
16 56
16 53
16 100
16 119
16 87
16 32
16 80
16 48
16 18
16 66
16 58
16 103
16 28
47 81
47 38
47 67
47 94
47 70
47 50
47 62
47 44
47 45
47 26
47 22
47 63
47 115
47 49
47 4
47 15
47 39
47 11
47 112
47 91
47 42
47 23
47 6
47 69
47 3
47 79
33 81
33 38
33 67
33 94
33 70
33 50
33 62
33 44
33 45
33 26
33 22
33 63
33 115
33 49
33 4
33 15
33 39
33 11
33 112
33 91
33 42
33 23
33 6
33 69
33 3
33 79
86 93
86 7
86 24
86 5
86 95
86 74
86 9
86 35
86 109
86 55
86 84
86 8
65 93
65 7
65 24
65 5
65 95
65 74
65 9
65 35
65 109
65 55
65 84
65 8
25 99
25 46
25 2
25 17
25 16
25 98
25 111
25 117
25 27
25 102
25 57
25 37
25 43
25 76
25 31
25 101
25 118
25 106
25 97
25 82
25 61
25 114
25 90
25 14
25 10
25 20
25 33
25 72
25 60
25 92
50 40
50 85
50 12
50 47
50 21
50 86
50 75
50 88
50 51
50 68
50 71
50 107
50 52
50 65
50 120
50 116
50 83
50 105
50 19
50 110
50 113
50 30
50 1
34 81
34 38
34 67
34 94
34 70
34 50
34 62
34 44
34 45
34 26
34 22
34 63
34 115
34 49
34 4
34 15
34 39
34 11
34 112
34 91
34 42
34 23
34 6
34 69
34 3
34 79
62 99
62 46
62 2
62 17
62 16
62 98
62 111
62 117
62 27
62 102
62 57
62 37
62 43
62 76
62 31
62 101
62 118
62 106
62 97
62 82
62 61
62 114
62 90
62 14
62 10
62 20
62 33
62 72
62 60
62 92
73 81
73 38
73 67
73 94
73 70
73 50
73 62
73 44
73 45
73 26
73 22
73 63
73 115
73 49
73 4
73 15
73 39
73 11
73 112
73 91
73 42
73 23
73 6
73 69
73 3
73 79
35 40
35 85
35 12
35 47
35 21
35 86
35 75
35 88
35 51
35 68
35 71
35 107
35 52
35 65
35 120
35 116
35 83
35 105
35 19
35 110
35 113
35 30
35 1
87 93
87 7
87 24
87 5
87 95
87 74
87 9
87 35
87 109
87 55
87 84
87 8
95 36
95 25
95 34
95 64
95 73
95 54
95 59
95 29
95 89
95 77
95 96
95 78
95 108
95 13
95 104
95 41
95 56
95 53
95 100
95 119
95 87
95 32
95 80
95 48
95 18
95 66
95 58
95 103
95 28
107 99
107 46
107 2
107 17
107 16
107 98
107 111
107 117
107 27
107 102
107 57
107 37
107 43
107 76
107 31
107 101
107 118
107 106
107 97
107 82
107 61
107 114
107 90
107 14
107 10
107 20
107 33
107 72
107 60
107 92
113 36
113 25
113 34
113 64
113 73
113 54
113 59
113 29
113 89
113 77
113 96
113 78
113 108
113 13
113 104
113 41
113 56
113 53
113 100
113 119
113 87
113 32
113 80
113 48
113 18
113 66
113 58
113 103
113 28
95 40
95 85
95 12
95 47
95 21
95 86
95 75
95 88
95 51
95 68
95 71
95 107
95 52
95 65
95 120
95 116
95 83
95 105
95 19
95 110
95 113
95 30
95 1
109 40
109 85
109 12
109 47
109 21
109 86
109 75
109 88
109 51
109 68
109 71
109 107
109 52
109 65
109 120
109 116
109 83
109 105
109 19
109 110
109 113
109 30
109 1
76 93
76 7
76 24
76 5
76 95
76 74
76 9
76 35
76 109
76 55
76 84
76 8
40 81
40 38
40 67
40 94
40 70
40 50
40 62
40 44
40 45
40 26
40 22
40 63
40 115
40 49
40 4
40 15
40 39
40 11
40 112
40 91
40 42
40 23
40 6
40 69
40 3
40 79
68 36
68 25
68 34
68 64
68 73
68 54
68 59
68 29
68 89
68 77
68 96
68 78
68 108
68 13
68 104
68 41
68 56
68 53
68 100
68 119
68 87
68 32
68 80
68 48
68 18
68 66
68 58
68 103
68 28
59 99
59 46
59 2
59 17
59 16
59 98
59 111
59 117
59 27
59 102
59 57
59 37
59 43
59 76
59 31
59 101
59 118
59 106
59 97
59 82
59 61
59 114
59 90
59 14
59 10
59 20
59 33
59 72
59 60
59 92
42 36
42 25
42 34
42 64
42 73
42 54
42 59
42 29
42 89
42 77
42 96
42 78
42 108
42 13
42 104
42 41
42 56
42 53
42 100
42 119
42 87
42 32
42 80
42 48
42 18
42 66
42 58
42 103
42 28
57 81
57 38
57 67
57 94
57 70
57 50
57 62
57 44
57 45
57 26
57 22
57 63
57 115
57 49
57 4
57 15
57 39
57 11
57 112
57 91
57 42
57 23
57 6
57 69
57 3
57 79
53 93
53 7
53 24
53 5
53 95
53 74
53 9
53 35
53 109
53 55
53 84
53 8
7 99
7 46
7 2
7 17
7 16
7 98
7 111
7 117
7 27
7 102
7 57
7 37
7 43
7 76
7 31
7 101
7 118
7 106
7 97
7 82
7 61
7 114
7 90
7 14
7 10
7 20
7 33
7 72
7 60
7 92
61 93
61 7
61 24
61 5
61 95
61 74
61 9
61 35
61 109
61 55
61 84
61 8
60 36
60 25
60 34
60 64
60 73
60 54
60 59
60 29
60 89
60 77
60 96
60 78
60 108
60 13
60 104
60 41
60 56
60 53
60 100
60 119
60 87
60 32
60 80
60 48
60 18
60 66
60 58
60 103
60 28
82 36
82 25
82 34
82 64
82 73
82 54
82 59
82 29
82 89
82 77
82 96
82 78
82 108
82 13
82 104
82 41
82 56
82 53
82 100
82 119
82 87
82 32
82 80
82 48
82 18
82 66
82 58
82 103
82 28
108 93
108 7
108 24
108 5
108 95
108 74
108 9
108 35
108 109
108 55
108 84
108 8
