200
1207
1 5
1 22
1 36
1 43
1 46
1 73
1 111
1 113
1 129
1 137
1 161
1 192
2 11
2 41
2 58
2 70
2 102
2 122
2 132
2 136
2 147
2 154
2 159
2 186
2 194
2 198
3 7
3 9
3 26
3 99
3 109
3 139
3 141
3 146
3 152
3 182
4 15
4 16
4 29
4 59
4 62
4 67
4 74
4 89
4 114
4 165
4 168
4 189
4 199
5 22
5 36
5 43
5 46
5 73
5 111
5 113
5 129
5 137
5 161
5 192
6 57
6 76
6 90
6 105
6 110
6 190
7 9
7 26
7 99
7 109
7 139
7 141
7 146
7 152
7 182
8 18
8 37
8 47
8 88
8 106
8 117
8 134
8 135
8 156
8 172
8 175
9 26
9 99
9 109
9 139
9 141
9 146
9 152
9 182
10 39
10 53
10 61
10 65
10 68
10 69
10 77
10 82
10 104
10 151
10 200
11 41
11 58
11 70
11 102
11 122
11 132
11 136
11 147
11 154
11 159
11 186
11 194
11 198
12 13
12 28
12 32
12 85
12 121
12 158
12 195
12 196
13 28
13 32
13 85
13 121
13 158
13 195
13 196
14 20
14 42
14 44
14 54
14 91
14 98
14 116
14 125
14 133
14 179
15 16
15 29
15 59
15 62
15 67
15 74
15 89
15 114
15 165
15 168
15 189
15 199
16 29
16 59
16 62
16 67
16 74
16 89
16 114
16 165
16 168
16 189
16 199
17 19
17 93
17 103
17 107
17 124
17 145
18 37
18 47
18 88
18 106
18 117
18 134
18 135
18 156
18 172
18 175
19 93
19 103
19 107
19 124
19 145
20 42
20 44
20 54
20 91
20 98
20 116
20 125
20 133
20 179
21 25
21 108
21 127
21 166
21 191
22 36
22 43
22 46
22 73
22 111
22 113
22 129
22 137
22 161
22 192
23 24
23 51
23 52
23 55
23 56
23 75
23 80
23 83
23 86
23 95
23 96
23 144
23 184
23 187
24 51
24 52
24 55
24 56
24 75
24 80
24 83
24 86
24 95
24 96
24 144
24 184
24 187
25 108
25 127
25 166
25 191
26 99
26 109
26 139
26 141
26 146
26 152
26 182
27 40
27 72
27 115
27 120
27 123
27 140
27 149
27 153
27 157
27 160
27 170
27 171
27 177
27 178
28 32
28 85
28 121
28 158
28 195
28 196
29 59
29 62
29 67
29 74
29 89
29 114
29 165
29 168
29 189
29 199
30 84
30 97
30 138
30 197
31 34
31 38
31 49
31 50
31 131
31 163
31 169
31 188
32 85
32 121
32 158
32 195
32 196
33 35
33 64
33 87
33 118
33 126
33 143
33 150
33 162
33 176
34 38
34 49
34 50
34 131
34 163
34 169
34 188
35 64
35 87
35 118
35 126
35 143
35 150
35 162
35 176
36 43
36 46
36 73
36 111
36 113
36 129
36 137
36 161
36 192
37 47
37 88
37 106
37 117
37 134
37 135
37 156
37 172
37 175
38 49
38 50
38 131
38 163
38 169
38 188
39 53
39 61
39 65
39 68
39 69
39 77
39 82
39 104
39 151
39 200
40 72
40 115
40 120
40 123
40 140
40 149
40 153
40 157
40 160
40 170
40 171
40 177
40 178
41 58
41 70
41 102
41 122
41 132
41 136
41 147
41 154
41 159
41 186
41 194
41 198
42 44
42 54
42 91
42 98
42 116
42 125
42 133
42 179
43 46
43 73
43 111
43 113
43 129
43 137
43 161
43 192
44 54
44 91
44 98
44 116
44 125
44 133
44 179
45 66
45 92
45 112
45 128
45 130
45 155
45 167
46 73
46 111
46 113
46 129
46 137
46 161
46 192
47 88
47 106
47 117
47 134
47 135
47 156
47 172
47 175
48 63
48 79
48 101
48 148
48 173
48 180
49 50
49 131
49 163
49 169
49 188
50 131
50 163
50 169
50 188
51 52
51 55
51 56
51 75
51 80
51 83
51 86
51 95
51 96
51 144
51 184
51 187
52 55
52 56
52 75
52 80
52 83
52 86
52 95
52 96
52 144
52 184
52 187
53 61
53 65
53 68
53 69
53 77
53 82
53 104
53 151
53 200
54 91
54 98
54 116
54 125
54 133
54 179
55 56
55 75
55 80
55 83
55 86
55 95
55 96
55 144
55 184
55 187
56 75
56 80
56 83
56 86
56 95
56 96
56 144
56 184
56 187
57 76
57 90
57 105
57 110
57 190
58 70
58 102
58 122
58 132
58 136
58 147
58 154
58 159
58 186
58 194
58 198
59 62
59 67
59 74
59 89
59 114
59 165
59 168
59 189
59 199
60 71
60 81
60 119
60 193
61 65
61 68
61 69
61 77
61 82
61 104
61 151
61 200
62 67
62 74
62 89
62 114
62 165
62 168
62 189
62 199
63 79
63 101
63 148
63 173
63 180
64 87
64 118
64 126
64 143
64 150
64 162
64 176
65 68
65 69
65 77
65 82
65 104
65 151
65 200
66 92
66 112
66 128
66 130
66 155
66 167
67 74
67 89
67 114
67 165
67 168
67 189
67 199
68 69
68 77
68 82
68 104
68 151
68 200
69 77
69 82
69 104
69 151
69 200
70 102
70 122
70 132
70 136
70 147
70 154
70 159
70 186
70 194
70 198
71 81
71 119
71 193
72 115
72 120
72 123
72 140
72 149
72 153
72 157
72 160
72 170
72 171
72 177
72 178
73 111
73 113
73 129
73 137
73 161
73 192
74 89
74 114
74 165
74 168
74 189
74 199
75 80
75 83
75 86
75 95
75 96
75 144
75 184
75 187
76 90
76 105
76 110
76 190
77 82
77 104
77 151
77 200
78 94
78 100
78 142
78 164
78 174
78 181
78 183
78 185
79 101
79 148
79 173
79 180
80 83
80 86
80 95
80 96
80 144
80 184
80 187
81 119
81 193
82 104
82 151
82 200
83 86
83 95
83 96
83 144
83 184
83 187
84 97
84 138
84 197
85 121
85 158
85 195
85 196
86 95
86 96
86 144
86 184
86 187
87 118
87 126
87 143
87 150
87 162
87 176
88 106
88 117
88 134
88 135
88 156
88 172
88 175
89 114
89 165
89 168
89 189
89 199
90 105
90 110
90 190
91 98
91 116
91 125
91 133
91 179
92 112
92 128
92 130
92 155
92 167
93 103
93 107
93 124
93 145
94 100
94 142
94 164
94 174
94 181
94 183
94 185
95 96
95 144
95 184
95 187
96 144
96 184
96 187
97 138
97 197
98 116
98 125
98 133
98 179
99 109
99 139
99 141
99 146
99 152
99 182
100 142
100 164
100 174
100 181
100 183
100 185
101 148
101 173
101 180
102 122
102 132
102 136
102 147
102 154
102 159
102 186
102 194
102 198
103 107
103 124
103 145
104 151
104 200
105 110
105 190
106 117
106 134
106 135
106 156
106 172
106 175
107 124
107 145
108 127
108 166
108 191
109 139
109 141
109 146
109 152
109 182
110 190
111 113
111 129
111 137
111 161
111 192
112 128
112 130
112 155
112 167
113 129
113 137
113 161
113 192
114 165
114 168
114 189
114 199
115 120
115 123
115 140
115 149
115 153
115 157
115 160
115 170
115 171
115 177
115 178
116 125
116 133
116 179
117 134
117 135
117 156
117 172
117 175
118 126
118 143
118 150
118 162
118 176
119 193
120 123
120 140
120 149
120 153
120 157
120 160
120 170
120 171
120 177
120 178
121 158
121 195
121 196
122 132
122 136
122 147
122 154
122 159
122 186
122 194
122 198
123 140
123 149
123 153
123 157
123 160
123 170
123 171
123 177
123 178
124 145
125 133
125 179
126 143
126 150
126 162
126 176
127 166
127 191
128 130
128 155
128 167
129 137
129 161
129 192
130 155
130 167
131 163
131 169
131 188
132 136
132 147
132 154
132 159
132 186
132 194
132 198
133 179
134 135
134 156
134 172
134 175
135 156
135 172
135 175
136 147
136 154
136 159
136 186
136 194
136 198
137 161
137 192
138 197
139 141
139 146
139 152
139 182
140 149
140 153
140 157
140 160
140 170
140 171
140 177
140 178
141 146
141 152
141 182
142 164
142 174
142 181
142 183
142 185
143 150
143 162
143 176
144 184
144 187
146 152
146 182
147 154
147 159
147 186
147 194
147 198
148 173
148 180
149 153
149 157
149 160
149 170
149 171
149 177
149 178
150 162
150 176
151 200
152 182
153 157
153 160
153 170
153 171
153 177
153 178
154 159
154 186
154 194
154 198
155 167
156 172
156 175
157 160
157 170
157 171
157 177
157 178
158 195
158 196
159 186
159 194
159 198
160 170
160 171
160 177
160 178
161 192
162 176
163 169
163 188
164 174
164 181
164 183
164 185
165 168
165 189
165 199
166 191
168 189
168 199
169 188
170 171
170 177
170 178
171 177
171 178
172 175
173 180
174 181
174 183
174 185
177 178
181 183
181 185
183 185
184 187
186 194
186 198
189 199
194 198
195 196
114 158
114 28
114 85
114 195
114 121
114 12
114 32
114 13
114 196
106 145
106 17
106 124
106 93
106 19
106 103
106 107
50 3
50 146
50 152
50 26
50 141
50 9
50 109
50 7
50 99
50 139
50 182
168 43
168 46
168 113
168 22
168 192
168 137
168 5
168 1
168 129
168 111
168 161
168 73
168 36
20 193
20 60
20 81
20 119
20 71
140 44
140 14
140 20
140 133
140 54
140 42
140 125
140 179
140 91
140 116
140 98
111 44
111 14
111 20
111 133
111 54
111 42
111 125
111 179
111 91
111 116
111 98
44 158
44 28
44 85
44 195
44 121
44 12
44 32
44 13
44 196
173 21
173 191
173 25
173 108
173 166
173 127
167 55
167 184
167 51
167 75
167 24
167 96
167 52
167 83
167 187
167 144
167 95
167 80
167 56
167 23
167 86
191 55
191 184
191 51
191 75
191 24
191 96
191 52
191 83
191 187
191 144
191 95
191 80
191 56
191 23
191 86
119 50
119 169
119 38
119 188
119 163
119 49
119 131
119 31
119 34
7 123
7 157
7 178
7 177
7 171
7 160
7 120
7 40
7 153
7 72
7 149
7 170
7 140
7 27
7 115
197 142
197 100
197 78
197 94
197 174
197 164
197 183
197 185
197 181
182 138
182 197
182 84
182 97
182 30
159 33
159 118
159 64
159 143
159 162
159 150
159 87
159 126
159 176
159 35
164 138
164 197
164 84
164 97
164 30
25 43
25 46
25 113
25 22
25 192
25 137
25 5
25 1
25 129
25 111
25 161
25 73
25 36
13 43
13 46
13 113
13 22
13 192
13 137
13 5
13 1
13 129
13 111
13 161
13 73
13 36
17 33
17 118
17 64
17 143
17 162
17 150
17 87
17 126
17 176
17 35
