200
2371
1 10
1 13
1 15
1 17
1 22
1 26
1 31
1 32
1 45
1 48
1 61
1 71
1 72
1 75
1 88
1 121
1 122
1 127
1 129
1 134
1 147
1 153
1 168
1 170
1 180
1 183
1 184
2 5
2 20
2 24
2 28
2 55
2 60
2 69
2 70
2 79
2 82
2 97
2 98
2 104
2 111
2 150
2 160
2 161
2 179
2 189
2 194
3 8
3 9
3 14
3 16
3 30
3 37
3 41
3 46
3 52
3 68
3 77
3 81
3 90
3 119
3 124
3 126
3 141
3 152
3 155
3 159
3 172
3 187
3 188
3 193
3 195
3 196
3 198
3 199
4 38
4 40
4 58
4 65
4 84
4 86
4 109
4 110
4 118
4 120
4 132
4 135
4 139
4 140
4 145
4 151
4 163
4 174
4 185
4 190
4 192
4 200
5 20
5 24
5 28
5 55
5 60
5 69
5 70
5 79
5 82
5 97
5 98
5 104
5 111
5 150
5 160
5 161
5 179
5 189
5 194
6 39
6 42
6 49
6 57
6 66
6 85
6 89
6 92
6 102
6 113
6 128
6 176
6 177
6 181
6 182
7 21
7 33
7 35
7 56
7 78
7 87
7 93
7 96
7 100
7 101
7 105
7 108
7 115
7 117
7 123
7 125
7 130
7 133
7 136
7 142
7 149
7 158
7 166
7 175
8 9
8 14
8 16
8 30
8 37
8 41
8 46
8 52
8 68
8 77
8 81
8 90
8 119
8 124
8 126
8 141
8 152
8 155
8 159
8 172
8 187
8 188
8 193
8 195
8 196
8 198
8 199
9 14
9 16
9 30
9 37
9 41
9 46
9 52
9 68
9 77
9 81
9 90
9 119
9 124
9 126
9 141
9 152
9 155
9 159
9 172
9 187
9 188
9 193
9 195
9 196
9 198
9 199
10 13
10 15
10 17
10 22
10 26
10 31
10 32
10 45
10 48
10 61
10 71
10 72
10 75
10 88
10 121
10 122
10 127
10 129
10 134
10 147
10 153
10 168
10 170
10 180
10 183
10 184
11 25
11 27
11 43
11 50
11 64
11 74
11 99
11 169
11 186
11 197
12 18
12 19
12 29
12 34
12 53
12 54
12 59
12 63
12 91
12 103
12 112
12 116
12 131
12 138
12 143
12 162
12 165
12 167
12 171
12 178
13 15
13 17
13 22
13 26
13 31
13 32
13 45
13 48
13 61
13 71
13 72
13 75
13 88
13 121
13 122
13 127
13 129
13 134
13 147
13 153
13 168
13 170
13 180
13 183
13 184
14 16
14 30
14 37
14 41
14 46
14 52
14 68
14 77
14 81
14 90
14 119
14 124
14 126
14 141
14 152
14 155
14 159
14 172
14 187
14 188
14 193
14 195
14 196
14 198
14 199
15 17
15 22
15 26
15 31
15 32
15 45
15 48
15 61
15 71
15 72
15 75
15 88
15 121
15 122
15 127
15 129
15 134
15 147
15 153
15 168
15 170
15 180
15 183
15 184
16 30
16 37
16 41
16 46
16 52
16 68
16 77
16 81
16 90
16 119
16 124
16 126
16 141
16 152
16 155
16 159
16 172
16 187
16 188
16 193
16 195
16 196
16 198
16 199
17 22
17 26
17 31
17 32
17 45
17 48
17 61
17 71
17 72
17 75
17 88
17 121
17 122
17 127
17 129
17 134
17 147
17 153
17 168
17 170
17 180
17 183
17 184
18 19
18 29
18 34
18 53
18 54
18 59
18 63
18 91
18 103
18 112
18 116
18 131
18 138
18 143
18 162
18 165
18 167
18 171
18 178
19 29
19 34
19 53
19 54
19 59
19 63
19 91
19 103
19 112
19 116
19 131
19 138
19 143
19 162
19 165
19 167
19 171
19 178
20 24
20 28
20 55
20 60
20 69
20 70
20 79
20 82
20 97
20 98
20 104
20 111
20 150
20 160
20 161
20 179
20 189
20 194
21 33
21 35
21 56
21 78
21 87
21 93
21 96
21 100
21 101
21 105
21 108
21 115
21 117
21 123
21 125
21 130
21 133
21 136
21 142
21 149
21 158
21 166
21 175
22 26
22 31
22 32
22 45
22 48
22 61
22 71
22 72
22 75
22 88
22 121
22 122
22 127
22 129
22 134
22 147
22 153
22 168
22 170
22 180
22 183
22 184
23 47
23 62
23 80
23 95
23 114
23 137
23 144
23 146
23 154
23 164
23 191
24 28
24 55
24 60
24 69
24 70
24 79
24 82
24 97
24 98
24 104
24 111
24 150
24 160
24 161
24 179
24 189
24 194
25 27
25 43
25 50
25 64
25 74
25 99
25 169
25 186
25 197
26 31
26 32
26 45
26 48
26 61
26 71
26 72
26 75
26 88
26 121
26 122
26 127
26 129
26 134
26 147
26 153
26 168
26 170
26 180
26 183
26 184
27 43
27 50
27 64
27 74
27 99
27 169
27 186
27 197
28 55
28 60
28 69
28 70
28 79
28 82
28 97
28 98
28 104
28 111
28 150
28 160
28 161
28 179
28 189
28 194
29 34
29 53
29 54
29 59
29 63
29 91
29 103
29 112
29 116
29 131
29 138
29 143
29 162
29 165
29 167
29 171
29 178
30 37
30 41
30 46
30 52
30 68
30 77
30 81
30 90
30 119
30 124
30 126
30 141
30 152
30 155
30 159
30 172
30 187
30 188
30 193
30 195
30 196
30 198
30 199
31 32
31 45
31 48
31 61
31 71
31 72
31 75
31 88
31 121
31 122
31 127
31 129
31 134
31 147
31 153
31 168
31 170
31 180
31 183
31 184
32 45
32 48
32 61
32 71
32 72
32 75
32 88
32 121
32 122
32 127
32 129
32 134
32 147
32 153
32 168
32 170
32 180
32 183
32 184
33 35
33 56
33 78
33 87
33 93
33 96
33 100
33 101
33 105
33 108
33 115
33 117
33 123
33 125
33 130
33 133
33 136
33 142
33 149
33 158
33 166
33 175
34 53
34 54
34 59
34 63
34 91
34 103
34 112
34 116
34 131
34 138
34 143
34 162
34 165
34 167
34 171
34 178
35 56
35 78
35 87
35 93
35 96
35 100
35 101
35 105
35 108
35 115
35 117
35 123
35 125
35 130
35 133
35 136
35 142
35 149
35 158
35 166
35 175
36 44
36 51
36 67
36 73
36 76
36 83
36 94
36 106
36 107
36 148
36 156
36 157
36 173
37 41
37 46
37 52
37 68
37 77
37 81
37 90
37 119
37 124
37 126
37 141
37 152
37 155
37 159
37 172
37 187
37 188
37 193
37 195
37 196
37 198
37 199
38 40
38 58
38 65
38 84
38 86
38 109
38 110
38 118
38 120
38 132
38 135
38 139
38 140
38 145
38 151
38 163
38 174
38 185
38 190
38 192
38 200
39 42
39 49
39 57
39 66
39 85
39 89
39 92
39 102
39 113
39 128
39 176
39 177
39 181
39 182
40 58
40 65
40 84
40 86
40 109
40 110
40 118
40 120
40 132
40 135
40 139
40 140
40 145
40 151
40 163
40 174
40 185
40 190
40 192
40 200
41 46
41 52
41 68
41 77
41 81
41 90
41 119
41 124
41 126
41 141
41 152
41 155
41 159
41 172
41 187
41 188
41 193
41 195
41 196
41 198
41 199
42 49
42 57
42 66
42 85
42 89
42 92
42 102
42 113
42 128
42 176
42 177
42 181
42 182
43 50
43 64
43 74
43 99
43 169
43 186
43 197
44 51
44 67
44 73
44 76
44 83
44 94
44 106
44 107
44 148
44 156
44 157
44 173
45 48
45 61
45 71
45 72
45 75
45 88
45 121
45 122
45 127
45 129
45 134
45 147
45 153
45 168
45 170
45 180
45 183
45 184
46 52
46 68
46 77
46 81
46 90
46 119
46 124
46 126
46 141
46 152
46 155
46 159
46 172
46 187
46 188
46 193
46 195
46 196
46 198
46 199
47 62
47 80
47 95
47 114
47 137
47 144
47 146
47 154
47 164
47 191
48 61
48 71
48 72
48 75
48 88
48 121
48 122
48 127
48 129
48 134
48 147
48 153
48 168
48 170
48 180
48 183
48 184
49 57
49 66
49 85
49 89
49 92
49 102
49 113
49 128
49 176
49 177
49 181
49 182
50 64
50 74
50 99
50 169
50 186
50 197
51 67
51 73
51 76
51 83
51 94
51 106
51 107
51 148
51 156
51 157
51 173
52 68
52 77
52 81
52 90
52 119
52 124
52 126
52 141
52 152
52 155
52 159
52 172
52 187
52 188
52 193
52 195
52 196
52 198
52 199
53 54
53 59
53 63
53 91
53 103
53 112
53 116
53 131
53 138
53 143
53 162
53 165
53 167
53 171
53 178
54 59
54 63
54 91
54 103
54 112
54 116
54 131
54 138
54 143
54 162
54 165
54 167
54 171
54 178
55 60
55 69
55 70
55 79
55 82
55 97
55 98
55 104
55 111
55 150
55 160
55 161
55 179
55 189
55 194
56 78
56 87
56 93
56 96
56 100
56 101
56 105
56 108
56 115
56 117
56 123
56 125
56 130
56 133
56 136
56 142
56 149
56 158
56 166
56 175
57 66
57 85
57 89
57 92
57 102
57 113
57 128
57 176
57 177
57 181
57 182
58 65
58 84
58 86
58 109
58 110
58 118
58 120
58 132
58 135
58 139
58 140
58 145
58 151
58 163
58 174
58 185
58 190
58 192
58 200
59 63
59 91
59 103
59 112
59 116
59 131
59 138
59 143
59 162
59 165
59 167
59 171
59 178
60 69
60 70
60 79
60 82
60 97
60 98
60 104
60 111
60 150
60 160
60 161
60 179
60 189
60 194
61 71
61 72
61 75
61 88
61 121
61 122
61 127
61 129
61 134
61 147
61 153
61 168
61 170
61 180
61 183
61 184
62 80
62 95
62 114
62 137
62 144
62 146
62 154
62 164
62 191
63 91
63 103
63 112
63 116
63 131
63 138
63 143
63 162
63 165
63 167
63 171
63 178
64 74
64 99
64 169
64 186
64 197
65 84
65 86
65 109
65 110
65 118
65 120
65 132
65 135
65 139
65 140
65 145
65 151
65 163
65 174
65 185
65 190
65 192
65 200
66 85
66 89
66 92
66 102
66 113
66 128
66 176
66 177
66 181
66 182
67 73
67 76
67 83
67 94
67 106
67 107
67 148
67 156
67 157
67 173
68 77
68 81
68 90
68 119
68 124
68 126
68 141
68 152
68 155
68 159
68 172
68 187
68 188
68 193
68 195
68 196
68 198
68 199
69 70
69 79
69 82
69 97
69 98
69 104
69 111
69 150
69 160
69 161
69 179
69 189
69 194
70 79
70 82
70 97
70 98
70 104
70 111
70 150
70 160
70 161
70 179
70 189
70 194
71 72
71 75
71 88
71 121
71 122
71 127
71 129
71 134
71 147
71 153
71 168
71 170
71 180
71 183
71 184
72 75
72 88
72 121
72 122
72 127
72 129
72 134
72 147
72 153
72 168
72 170
72 180
72 183
72 184
73 76
73 83
73 94
73 106
73 107
73 148
73 156
73 157
73 173
74 99
74 169
74 186
74 197
75 88
75 121
75 122
75 127
75 129
75 134
75 147
75 153
75 168
75 170
75 180
75 183
75 184
76 83
76 94
76 106
76 107
76 148
76 156
76 157
76 173
77 81
77 90
77 119
77 124
77 126
77 141
77 152
77 155
77 159
77 172
77 187
77 188
77 193
77 195
77 196
77 198
77 199
78 87
78 93
78 96
78 100
78 101
78 105
78 108
78 115
78 117
78 123
78 125
78 130
78 133
78 136
78 142
78 149
78 158
78 166
78 175
79 82
79 97
79 98
79 104
79 111
79 150
79 160
79 161
79 179
79 189
79 194
80 95
80 114
80 137
80 144
80 146
80 154
80 164
80 191
81 90
81 119
81 124
81 126
81 141
81 152
81 155
81 159
81 172
81 187
81 188
81 193
81 195
81 196
81 198
81 199
82 97
82 98
82 104
82 111
82 150
82 160
82 161
82 179
82 189
82 194
83 94
83 106
83 107
83 148
83 156
83 157
83 173
84 86
84 109
84 110
84 118
84 120
84 132
84 135
84 139
84 140
84 145
84 151
84 163
84 174
84 185
84 190
84 192
84 200
85 89
85 92
85 102
85 113
85 128
85 176
85 177
85 181
85 182
86 109
86 110
86 118
86 120
86 132
86 135
86 139
86 140
86 145
86 151
86 163
86 174
86 185
86 190
86 192
86 200
87 93
87 96
87 100
87 101
87 105
87 108
87 115
87 117
87 123
87 125
87 130
87 133
87 136
87 142
87 149
87 158
87 166
87 175
88 121
88 122
88 127
88 129
88 134
88 147
88 153
88 168
88 170
88 180
88 183
88 184
89 92
89 102
89 113
89 128
89 176
89 177
89 181
89 182
90 119
90 124
90 126
90 141
90 152
90 155
90 159
90 172
90 187
90 188
90 193
90 195
90 196
90 198
90 199
91 103
91 112
91 116
91 131
91 138
91 143
91 162
91 165
91 167
91 171
91 178
92 102
92 113
92 128
92 176
92 177
92 181
92 182
93 96
93 100
93 101
93 105
93 108
93 115
93 117
93 123
93 125
93 130
93 133
93 136
93 142
93 149
93 158
93 166
93 175
94 106
94 107
94 148
94 156
94 157
94 173
95 114
95 137
95 144
95 146
95 154
95 164
95 191
96 100
96 101
96 105
96 108
96 115
96 117
96 123
96 125
96 130
96 133
96 136
96 142
96 149
96 158
96 166
96 175
97 98
97 104
97 111
97 150
97 160
97 161
97 179
97 189
97 194
98 104
98 111
98 150
98 160
98 161
98 179
98 189
98 194
99 169
99 186
99 197
100 101
100 105
100 108
100 115
100 117
100 123
100 125
100 130
100 133
100 136
100 142
100 149
100 158
100 166
100 175
101 105
101 108
101 115
101 117
101 123
101 125
101 130
101 133
101 136
101 142
101 149
101 158
101 166
101 175
102 113
102 128
102 176
102 177
102 181
102 182
103 112
103 116
103 131
103 138
103 143
103 162
103 165
103 167
103 171
103 178
104 111
104 150
104 160
104 161
104 179
104 189
104 194
105 108
105 115
105 117
105 123
105 125
105 130
105 133
105 136
105 142
105 149
105 158
105 166
105 175
106 107
106 148
106 156
106 157
106 173
107 148
107 156
107 157
107 173
108 115
108 117
108 123
108 125
108 130
108 133
108 136
108 142
108 149
108 158
108 166
108 175
109 110
109 118
109 120
109 132
109 135
109 139
109 140
109 145
109 151
109 163
109 174
109 185
109 190
109 192
109 200
110 118
110 120
110 132
110 135
110 139
110 140
110 145
110 151
110 163
110 174
110 185
110 190
110 192
110 200
111 150
111 160
111 161
111 179
111 189
111 194
112 116
112 131
112 138
112 143
112 162
112 165
112 167
112 171
112 178
113 128
113 176
113 177
113 181
113 182
114 137
114 144
114 146
114 154
114 164
114 191
115 117
115 123
115 125
115 130
115 133
115 136
115 142
115 149
115 158
115 166
115 175
116 131
116 138
116 143
116 162
116 165
116 167
116 171
116 178
117 123
117 125
117 130
117 133
117 136
117 142
117 149
117 158
117 166
117 175
118 120
118 132
118 135
118 139
118 140
118 145
118 151
118 163
118 174
118 185
118 190
118 192
118 200
119 124
119 126
119 141
119 152
119 155
119 159
119 172
119 187
119 188
119 193
119 195
119 196
119 198
119 199
120 132
120 135
120 139
120 140
120 145
120 151
120 163
120 174
120 185
120 190
120 192
120 200
121 122
121 127
121 129
121 134
121 147
121 153
121 168
121 170
121 180
121 183
121 184
122 127
122 129
122 134
122 147
122 153
122 168
122 170
122 180
122 183
122 184
123 125
123 130
123 133
123 136
123 142
123 149
123 158
123 166
123 175
124 126
124 141
124 152
124 155
124 159
124 172
124 187
124 188
124 193
124 195
124 196
124 198
124 199
125 130
125 133
125 136
125 142
125 149
125 158
125 166
125 175
126 141
126 152
126 155
126 159
126 172
126 187
126 188
126 193
126 195
126 196
126 198
126 199
127 129
127 134
127 147
127 153
127 168
127 170
127 180
127 183
127 184
128 176
128 177
128 181
128 182
129 134
129 147
129 153
129 168
129 170
129 180
129 183
129 184
130 133
130 136
130 142
130 149
130 158
130 166
130 175
131 138
131 143
131 162
131 165
131 167
131 171
131 178
132 135
132 139
132 140
132 145
132 151
132 163
132 174
132 185
132 190
132 192
132 200
133 136
133 142
133 149
133 158
133 166
133 175
134 147
134 153
134 168
134 170
134 180
134 183
134 184
135 139
135 140
135 145
135 151
135 163
135 174
135 185
135 190
135 192
135 200
136 142
136 149
136 158
136 166
136 175
137 144
137 146
137 154
137 164
137 191
138 143
138 162
138 165
138 167
138 171
138 178
139 140
139 145
139 151
139 163
139 174
139 185
139 190
139 192
139 200
140 145
140 151
140 163
140 174
140 185
140 190
140 192
140 200
141 152
141 155
141 159
141 172
141 187
141 188
141 193
141 195
141 196
141 198
141 199
142 149
142 158
142 166
142 175
143 162
143 165
143 167
143 171
143 178
144 146
144 154
144 164
144 191
145 151
145 163
145 174
145 185
145 190
145 192
145 200
146 154
146 164
146 191
147 153
147 168
147 170
147 180
147 183
147 184
148 156
148 157
148 173
149 158
149 166
149 175
150 160
150 161
150 179
150 189
150 194
151 163
151 174
151 185
151 190
151 192
151 200
152 155
152 159
152 172
152 187
152 188
152 193
152 195
152 196
152 198
152 199
153 168
153 170
153 180
153 183
153 184
154 164
154 191
155 159
155 172
155 187
155 188
155 193
155 195
155 196
155 198
155 199
156 157
156 173
157 173
158 166
158 175
159 172
159 187
159 188
159 193
159 195
159 196
159 198
159 199
160 161
160 179
160 189
160 194
161 179
161 189
161 194
162 165
162 167
162 171
162 178
163 174
163 185
163 190
163 192
163 200
164 191
165 167
165 171
165 178
166 175
167 171
167 178
168 170
168 180
168 183
168 184
169 186
169 197
170 180
170 183
170 184
171 178
172 187
172 188
172 193
172 195
172 196
172 198
172 199
174 185
174 190
174 192
174 200
176 177
176 181
176 182
177 181
177 182
179 189
179 194
180 183
180 184
181 182
183 184
185 190
185 192
185 200
186 197
187 188
187 193
187 195
187 196
187 198
187 199
188 193
188 195
188 196
188 198
188 199
189 194
190 192
190 200
192 200
193 195
193 196
193 198
193 199
195 196
195 198
195 199
196 198
196 199
198 199
111 61
111 45
111 13
111 168
111 72
111 127
111 122
111 31
111 1
111 71
111 134
111 26
111 88
111 15
111 180
111 32
111 129
111 153
111 75
111 22
111 121
111 183
111 184
111 147
111 48
111 10
111 17
111 170
157 96
157 166
157 136
157 142
157 158
157 21
157 33
157 87
157 123
157 175
157 78
157 7
157 108
157 35
157 117
157 130
157 93
157 101
157 133
157 105
157 125
157 115
157 149
157 100
157 56
47 96
47 166
47 136
47 142
47 158
47 21
47 33
47 87
47 123
47 175
47 78
47 7
47 108
47 35
47 117
47 130
47 93
47 101
47 133
47 105
47 125
47 115
47 149
47 100
47 56
7 106
7 73
7 36
7 83
7 44
7 51
7 94
7 148
7 157
7 67
7 156
7 76
7 107
7 173
15 106
15 73
15 36
15 83
15 44
15 51
15 94
15 148
15 157
15 67
15 156
15 76
15 107
15 173
108 50
108 25
108 99
108 27
108 64
108 11
108 74
108 43
108 186
108 169
108 197
151 50
151 25
151 99
151 27
151 64
151 11
151 74
151 43
151 186
151 169
151 197
56 106
56 73
56 36
56 83
56 44
56 51
56 94
56 148
56 157
56 67
56 156
56 76
56 107
56 173
44 68
44 199
44 8
44 195
44 155
44 90
44 14
44 46
44 16
44 37
44 187
44 52
44 152
44 9
44 77
44 124
44 41
44 119
44 196
44 141
44 198
44 193
44 159
44 3
44 188
44 172
44 30
44 126
44 81
157 61
157 45
157 13
157 168
157 72
157 127
157 122
157 31
157 1
157 71
157 134
157 26
157 88
157 15
157 180
157 32
157 129
157 153
157 75
157 22
157 121
157 183
157 184
157 147
157 48
157 10
157 17
157 170
191 50
191 25
191 99
191 27
191 64
191 11
191 74
191 43
191 186
191 169
191 197
93 106
93 73
93 36
93 83
93 44
93 51
93 94
93 148
93 157
93 67
93 156
93 76
93 107
93 173
113 84
113 200
113 109
113 120
113 145
113 118
113 65
113 185
113 38
113 4
113 135
113 151
113 174
113 163
113 132
113 190
113 139
113 110
113 192
113 40
113 86
113 58
113 140
53 50
53 25
53 99
53 27
53 64
53 11
53 74
53 43
53 186
53 169
53 197
48 84
48 200
48 109
48 120
48 145
48 118
48 65
48 185
48 38
48 4
48 135
48 151
48 174
48 163
48 132
48 190
48 139
48 110
48 192
48 40
48 86
48 58
48 140
