180
4163
1 2
1 9
1 21
1 22
1 23
1 27
1 35
1 42
1 46
1 47
1 51
1 58
1 62
1 74
1 83
1 86
1 87
1 88
1 111
1 117
1 118
1 120
1 122
1 126
1 132
1 140
1 153
1 155
1 156
1 162
1 164
1 169
1 172
1 176
1 177
2 9
2 21
2 22
2 23
2 27
2 35
2 42
2 46
2 47
2 51
2 58
2 62
2 74
2 83
2 86
2 87
2 88
2 111
2 117
2 118
2 120
2 122
2 126
2 132
2 140
2 153
2 155
2 156
2 162
2 164
2 169
2 172
2 176
2 177
3 7
3 13
3 25
3 26
3 36
3 38
3 49
3 53
3 63
3 65
3 67
3 75
3 78
3 81
3 101
3 102
3 113
3 115
3 131
3 133
3 145
3 154
3 161
3 170
3 171
4 5
4 6
4 11
4 14
4 17
4 18
4 19
4 20
4 24
4 28
4 29
4 30
4 33
4 34
4 39
4 50
4 52
4 54
4 60
4 61
4 66
4 68
4 72
4 73
4 76
4 89
4 91
4 93
4 94
4 98
4 104
4 106
4 112
4 114
4 116
4 130
4 135
4 142
4 146
4 147
4 151
4 157
4 168
4 174
4 175
4 178
4 179
5 6
5 11
5 14
5 17
5 18
5 19
5 20
5 24
5 28
5 29
5 30
5 33
5 34
5 39
5 50
5 52
5 54
5 60
5 61
5 66
5 68
5 72
5 73
5 76
5 89
5 91
5 93
5 94
5 98
5 104
5 106
5 112
5 114
5 116
5 130
5 135
5 142
5 146
5 147
5 151
5 157
5 168
5 174
5 175
5 178
5 179
6 11
6 14
6 17
6 18
6 19
6 20
6 24
6 28
6 29
6 30
6 33
6 34
6 39
6 50
6 52
6 54
6 60
6 61
6 66
6 68
6 72
6 73
6 76
6 89
6 91
6 93
6 94
6 98
6 104
6 106
6 112
6 114
6 116
6 130
6 135
6 142
6 146
6 147
6 151
6 157
6 168
6 174
6 175
6 178
6 179
7 13
7 25
7 26
7 36
7 38
7 49
7 53
7 63
7 65
7 67
7 75
7 78
7 81
7 101
7 102
7 113
7 115
7 131
7 133
7 145
7 154
7 161
7 170
7 171
8 12
8 16
8 31
8 32
8 37
8 43
8 48
8 55
8 57
8 59
8 64
8 69
8 80
8 82
8 84
8 97
8 99
8 100
8 105
8 109
8 110
8 119
8 121
8 125
8 127
8 128
8 129
8 134
8 136
8 138
8 139
8 141
8 143
8 144
8 150
8 152
8 159
8 167
9 21
9 22
9 23
9 27
9 35
9 42
9 46
9 47
9 51
9 58
9 62
9 74
9 83
9 86
9 87
9 88
9 111
9 117
9 118
9 120
9 122
9 126
9 132
9 140
9 153
9 155
9 156
9 162
9 164
9 169
9 172
9 176
9 177
10 15
10 40
10 41
10 44
10 45
10 56
10 70
10 71
10 77
10 79
10 85
10 90
10 92
10 95
10 96
10 103
10 107
10 108
10 123
10 124
10 137
10 148
10 149
10 158
10 160
10 163
10 165
10 166
10 173
10 180
11 14
11 17
11 18
11 19
11 20
11 24
11 28
11 29
11 30
11 33
11 34
11 39
11 50
11 52
11 54
11 60
11 61
11 66
11 68
11 72
11 73
11 76
11 89
11 91
11 93
11 94
11 98
11 104
11 106
11 112
11 114
11 116
11 130
11 135
11 142
11 146
11 147
11 151
11 157
11 168
11 174
11 175
11 178
11 179
12 16
12 31
12 32
12 37
12 43
12 48
12 55
12 57
12 59
12 64
12 69
12 80
12 82
12 84
12 97
12 99
12 100
12 105
12 109
12 110
12 119
12 121
12 125
12 127
12 128
12 129
12 134
12 136
12 138
12 139
12 141
12 143
12 144
12 150
12 152
12 159
12 167
13 25
13 26
13 36
13 38
13 49
13 53
13 63
13 65
13 67
13 75
13 78
13 81
13 101
13 102
13 113
13 115
13 131
13 133
13 145
13 154
13 161
13 170
13 171
14 17
14 18
14 19
14 20
14 24
14 28
14 29
14 30
14 33
14 34
14 39
14 50
14 52
14 54
14 60
14 61
14 66
14 68
14 72
14 73
14 76
14 89
14 91
14 93
14 94
14 98
14 104
14 106
14 112
14 114
14 116
14 130
14 135
14 142
14 146
14 147
14 151
14 157
14 168
14 174
14 175
14 178
14 179
15 40
15 41
15 44
15 45
15 56
15 70
15 71
15 77
15 79
15 85
15 90
15 92
15 95
15 96
15 103
15 107
15 108
15 123
15 124
15 137
15 148
15 149
15 158
15 160
15 163
15 165
15 166
15 173
15 180
16 31
16 32
16 37
16 43
16 48
16 55
16 57
16 59
16 64
16 69
16 80
16 82
16 84
16 97
16 99
16 100
16 105
16 109
16 110
16 119
16 121
16 125
16 127
16 128
16 129
16 134
16 136
16 138
16 139
16 141
16 143
16 144
16 150
16 152
16 159
16 167
17 18
17 19
17 20
17 24
17 28
17 29
17 30
17 33
17 34
17 39
17 50
17 52
17 54
17 60
17 61
17 66
17 68
17 72
17 73
17 76
17 89
17 91
17 93
17 94
17 98
17 104
17 106
17 112
17 114
17 116
17 130
17 135
17 142
17 146
17 147
17 151
17 157
17 168
17 174
17 175
17 178
17 179
18 19
18 20
18 24
18 28
18 29
18 30
18 33
18 34
18 39
18 50
18 52
18 54
18 60
18 61
18 66
18 68
18 72
18 73
18 76
18 89
18 91
18 93
18 94
18 98
18 104
18 106
18 112
18 114
18 116
18 130
18 135
18 142
18 146
18 147
18 151
18 157
18 168
18 174
18 175
18 178
18 179
19 20
19 24
19 28
19 29
19 30
19 33
19 34
19 39
19 50
19 52
19 54
19 60
19 61
19 66
19 68
19 72
19 73
19 76
19 89
19 91
19 93
19 94
19 98
19 104
19 106
19 112
19 114
19 116
19 130
19 135
19 142
19 146
19 147
19 151
19 157
19 168
19 174
19 175
19 178
19 179
20 24
20 28
20 29
20 30
20 33
20 34
20 39
20 50
20 52
20 54
20 60
20 61
20 66
20 68
20 72
20 73
20 76
20 89
20 91
20 93
20 94
20 98
20 104
20 106
20 112
20 114
20 116
20 130
20 135
20 142
20 146
20 147
20 151
20 157
20 168
20 174
20 175
20 178
20 179
21 22
21 23
21 27
21 35
21 42
21 46
21 47
21 51
21 58
21 62
21 74
21 83
21 86
21 87
21 88
21 111
21 117
21 118
21 120
21 122
21 126
21 132
21 140
21 153
21 155
21 156
21 162
21 164
21 169
21 172
21 176
21 177
22 23
22 27
22 35
22 42
22 46
22 47
22 51
22 58
22 62
22 74
22 83
22 86
22 87
22 88
22 111
22 117
22 118
22 120
22 122
22 126
22 132
22 140
22 153
22 155
22 156
22 162
22 164
22 169
22 172
22 176
22 177
23 27
23 35
23 42
23 46
23 47
23 51
23 58
23 62
23 74
23 83
23 86
23 87
23 88
23 111
23 117
23 118
23 120
23 122
23 126
23 132
23 140
23 153
23 155
23 156
23 162
23 164
23 169
23 172
23 176
23 177
24 28
24 29
24 30
24 33
24 34
24 39
24 50
24 52
24 54
24 60
24 61
24 66
24 68
24 72
24 73
24 76
24 89
24 91
24 93
24 94
24 98
24 104
24 106
24 112
24 114
24 116
24 130
24 135
24 142
24 146
24 147
24 151
24 157
24 168
24 174
24 175
24 178
24 179
25 26
25 36
25 38
25 49
25 53
25 63
25 65
25 67
25 75
25 78
25 81
25 101
25 102
25 113
25 115
25 131
25 133
25 145
25 154
25 161
25 170
25 171
26 36
26 38
26 49
26 53
26 63
26 65
26 67
26 75
26 78
26 81
26 101
26 102
26 113
26 115
26 131
26 133
26 145
26 154
26 161
26 170
26 171
27 35
27 42
27 46
27 47
27 51
27 58
27 62
27 74
27 83
27 86
27 87
27 88
27 111
27 117
27 118
27 120
27 122
27 126
27 132
27 140
27 153
27 155
27 156
27 162
27 164
27 169
27 172
27 176
27 177
28 29
28 30
28 33
28 34
28 39
28 50
28 52
28 54
28 60
28 61
28 66
28 68
28 72
28 73
28 76
28 89
28 91
28 93
28 94
28 98
28 104
28 106
28 112
28 114
28 116
28 130
28 135
28 142
28 146
28 147
28 151
28 157
28 168
28 174
28 175
28 178
28 179
29 30
29 33
29 34
29 39
29 50
29 52
29 54
29 60
29 61
29 66
29 68
29 72
29 73
29 76
29 89
29 91
29 93
29 94
29 98
29 104
29 106
29 112
29 114
29 116
29 130
29 135
29 142
29 146
29 147
29 151
29 157
29 168
29 174
29 175
29 178
29 179
30 33
30 34
30 39
30 50
30 52
30 54
30 60
30 61
30 66
30 68
30 72
30 73
30 76
30 89
30 91
30 93
30 94
30 98
30 104
30 106
30 112
30 114
30 116
30 130
30 135
30 142
30 146
30 147
30 151
30 157
30 168
30 174
30 175
30 178
30 179
31 32
31 37
31 43
31 48
31 55
31 57
31 59
31 64
31 69
31 80
31 82
31 84
31 97
31 99
31 100
31 105
31 109
31 110
31 119
31 121
31 125
31 127
31 128
31 129
31 134
31 136
31 138
31 139
31 141
31 143
31 144
31 150
31 152
31 159
31 167
32 37
32 43
32 48
32 55
32 57
32 59
32 64
32 69
32 80
32 82
32 84
32 97
32 99
32 100
32 105
32 109
32 110
32 119
32 121
32 125
32 127
32 128
32 129
32 134
32 136
32 138
32 139
32 141
32 143
32 144
32 150
32 152
32 159
32 167
33 34
33 39
33 50
33 52
33 54
33 60
33 61
33 66
33 68
33 72
33 73
33 76
33 89
33 91
33 93
33 94
33 98
33 104
33 106
33 112
33 114
33 116
33 130
33 135
33 142
33 146
33 147
33 151
33 157
33 168
33 174
33 175
33 178
33 179
34 39
34 50
34 52
34 54
34 60
34 61
34 66
34 68
34 72
34 73
34 76
34 89
34 91
34 93
34 94
34 98
34 104
34 106
34 112
34 114
34 116
34 130
34 135
34 142
34 146
34 147
34 151
34 157
34 168
34 174
34 175
34 178
34 179
35 42
35 46
35 47
35 51
35 58
35 62
35 74
35 83
35 86
35 87
35 88
35 111
35 117
35 118
35 120
35 122
35 126
35 132
35 140
35 153
35 155
35 156
35 162
35 164
35 169
35 172
35 176
35 177
36 38
36 49
36 53
36 63
36 65
36 67
36 75
36 78
36 81
36 101
36 102
36 113
36 115
36 131
36 133
36 145
36 154
36 161
36 170
36 171
37 43
37 48
37 55
37 57
37 59
37 64
37 69
37 80
37 82
37 84
37 97
37 99
37 100
37 105
37 109
37 110
37 119
37 121
37 125
37 127
37 128
37 129
37 134
37 136
37 138
37 139
37 141
37 143
37 144
37 150
37 152
37 159
37 167
38 49
38 53
38 63
38 65
38 67
38 75
38 78
38 81
38 101
38 102
38 113
38 115
38 131
38 133
38 145
38 154
38 161
38 170
38 171
39 50
39 52
39 54
39 60
39 61
39 66
39 68
39 72
39 73
39 76
39 89
39 91
39 93
39 94
39 98
39 104
39 106
39 112
39 114
39 116
39 130
39 135
39 142
39 146
39 147
39 151
39 157
39 168
39 174
39 175
39 178
39 179
40 41
40 44
40 45
40 56
40 70
40 71
40 77
40 79
40 85
40 90
40 92
40 95
40 96
40 103
40 107
40 108
40 123
40 124
40 137
40 148
40 149
40 158
40 160
40 163
40 165
40 166
40 173
40 180
41 44
41 45
41 56
41 70
41 71
41 77
41 79
41 85
41 90
41 92
41 95
41 96
41 103
41 107
41 108
41 123
41 124
41 137
41 148
41 149
41 158
41 160
41 163
41 165
41 166
41 173
41 180
42 46
42 47
42 51
42 58
42 62
42 74
42 83
42 86
42 87
42 88
42 111
42 117
42 118
42 120
42 122
42 126
42 132
42 140
42 153
42 155
42 156
42 162
42 164
42 169
42 172
42 176
42 177
43 48
43 55
43 57
43 59
43 64
43 69
43 80
43 82
43 84
43 97
43 99
43 100
43 105
43 109
43 110
43 119
43 121
43 125
43 127
43 128
43 129
43 134
43 136
43 138
43 139
43 141
43 143
43 144
43 150
43 152
43 159
43 167
44 45
44 56
44 70
44 71
44 77
44 79
44 85
44 90
44 92
44 95
44 96
44 103
44 107
44 108
44 123
44 124
44 137
44 148
44 149
44 158
44 160
44 163
44 165
44 166
44 173
44 180
45 56
45 70
45 71
45 77
45 79
45 85
45 90
45 92
45 95
45 96
45 103
45 107
45 108
45 123
45 124
45 137
45 148
45 149
45 158
45 160
45 163
45 165
45 166
45 173
45 180
46 47
46 51
46 58
46 62
46 74
46 83
46 86
46 87
46 88
46 111
46 117
46 118
46 120
46 122
46 126
46 132
46 140
46 153
46 155
46 156
46 162
46 164
46 169
46 172
46 176
46 177
47 51
47 58
47 62
47 74
47 83
47 86
47 87
47 88
47 111
47 117
47 118
47 120
47 122
47 126
47 132
47 140
47 153
47 155
47 156
47 162
47 164
47 169
47 172
47 176
47 177
48 55
48 57
48 59
48 64
48 69
48 80
48 82
48 84
48 97
48 99
48 100
48 105
48 109
48 110
48 119
48 121
48 125
48 127
48 128
48 129
48 134
48 136
48 138
48 139
48 141
48 143
48 144
48 150
48 152
48 159
48 167
49 53
49 63
49 65
49 67
49 75
49 78
49 81
49 101
49 102
49 113
49 115
49 131
49 133
49 145
49 154
49 161
49 170
49 171
50 52
50 54
50 60
50 61
50 66
50 68
50 72
50 73
50 76
50 89
50 91
50 93
50 94
50 98
50 104
50 106
50 112
50 114
50 116
50 130
50 135
50 142
50 146
50 147
50 151
50 157
50 168
50 174
50 175
50 178
50 179
51 58
51 62
51 74
51 83
51 86
51 87
51 88
51 111
51 117
51 118
51 120
51 122
51 126
51 132
51 140
51 153
51 155
51 156
51 162
51 164
51 169
51 172
51 176
51 177
52 54
52 60
52 61
52 66
52 68
52 72
52 73
52 76
52 89
52 91
52 93
52 94
52 98
52 104
52 106
52 112
52 114
52 116
52 130
52 135
52 142
52 146
52 147
52 151
52 157
52 168
52 174
52 175
52 178
52 179
53 63
53 65
53 67
53 75
53 78
53 81
53 101
53 102
53 113
53 115
53 131
53 133
53 145
53 154
53 161
53 170
53 171
54 60
54 61
54 66
54 68
54 72
54 73
54 76
54 89
54 91
54 93
54 94
54 98
54 104
54 106
54 112
54 114
54 116
54 130
54 135
54 142
54 146
54 147
54 151
54 157
54 168
54 174
54 175
54 178
54 179
55 57
55 59
55 64
55 69
55 80
55 82
55 84
55 97
55 99
55 100
55 105
55 109
55 110
55 119
55 121
55 125
55 127
55 128
55 129
55 134
55 136
55 138
55 139
55 141
55 143
55 144
55 150
55 152
55 159
55 167
56 70
56 71
56 77
56 79
56 85
56 90
56 92
56 95
56 96
56 103
56 107
56 108
56 123
56 124
56 137
56 148
56 149
56 158
56 160
56 163
56 165
56 166
56 173
56 180
57 59
57 64
57 69
57 80
57 82
57 84
57 97
57 99
57 100
57 105
57 109
57 110
57 119
57 121
57 125
57 127
57 128
57 129
57 134
57 136
57 138
57 139
57 141
57 143
57 144
57 150
57 152
57 159
57 167
58 62
58 74
58 83
58 86
58 87
58 88
58 111
58 117
58 118
58 120
58 122
58 126
58 132
58 140
58 153
58 155
58 156
58 162
58 164
58 169
58 172
58 176
58 177
59 64
59 69
59 80
59 82
59 84
59 97
59 99
59 100
59 105
59 109
59 110
59 119
59 121
59 125
59 127
59 128
59 129
59 134
59 136
59 138
59 139
59 141
59 143
59 144
59 150
59 152
59 159
59 167
60 61
60 66
60 68
60 72
60 73
60 76
60 89
60 91
60 93
60 94
60 98
60 104
60 106
60 112
60 114
60 116
60 130
60 135
60 142
60 146
60 147
60 151
60 157
60 168
60 174
60 175
60 178
60 179
61 66
61 68
61 72
61 73
61 76
61 89
61 91
61 93
61 94
61 98
61 104
61 106
61 112
61 114
61 116
61 130
61 135
61 142
61 146
61 147
61 151
61 157
61 168
61 174
61 175
61 178
61 179
62 74
62 83
62 86
62 87
62 88
62 111
62 117
62 118
62 120
62 122
62 126
62 132
62 140
62 153
62 155
62 156
62 162
62 164
62 169
62 172
62 176
62 177
63 65
63 67
63 75
63 78
63 81
63 101
63 102
63 113
63 115
63 131
63 133
63 145
63 154
63 161
63 170
63 171
64 69
64 80
64 82
64 84
64 97
64 99
64 100
64 105
64 109
64 110
64 119
64 121
64 125
64 127
64 128
64 129
64 134
64 136
64 138
64 139
64 141
64 143
64 144
64 150
64 152
64 159
64 167
65 67
65 75
65 78
65 81
65 101
65 102
65 113
65 115
65 131
65 133
65 145
65 154
65 161
65 170
65 171
66 68
66 72
66 73
66 76
66 89
66 91
66 93
66 94
66 98
66 104
66 106
66 112
66 114
66 116
66 130
66 135
66 142
66 146
66 147
66 151
66 157
66 168
66 174
66 175
66 178
66 179
67 75
67 78
67 81
67 101
67 102
67 113
67 115
67 131
67 133
67 145
67 154
67 161
67 170
67 171
68 72
68 73
68 76
68 89
68 91
68 93
68 94
68 98
68 104
68 106
68 112
68 114
68 116
68 130
68 135
68 142
68 146
68 147
68 151
68 157
68 168
68 174
68 175
68 178
68 179
69 80
69 82
69 84
69 97
69 99
69 100
69 105
69 109
69 110
69 119
69 121
69 125
69 127
69 128
69 129
69 134
69 136
69 138
69 139
69 141
69 143
69 144
69 150
69 152
69 159
69 167
70 71
70 77
70 79
70 85
70 90
70 92
70 95
70 96
70 103
70 107
70 108
70 123
70 124
70 137
70 148
70 149
70 158
70 160
70 163
70 165
70 166
70 173
70 180
71 77
71 79
71 85
71 90
71 92
71 95
71 96
71 103
71 107
71 108
71 123
71 124
71 137
71 148
71 149
71 158
71 160
71 163
71 165
71 166
71 173
71 180
72 73
72 76
72 89
72 91
72 93
72 94
72 98
72 104
72 106
72 112
72 114
72 116
72 130
72 135
72 142
72 146
72 147
72 151
72 157
72 168
72 174
72 175
72 178
72 179
73 76
73 89
73 91
73 93
73 94
73 98
73 104
73 106
73 112
73 114
73 116
73 130
73 135
73 142
73 146
73 147
73 151
73 157
73 168
73 174
73 175
73 178
73 179
74 83
74 86
74 87
74 88
74 111
74 117
74 118
74 120
74 122
74 126
74 132
74 140
74 153
74 155
74 156
74 162
74 164
74 169
74 172
74 176
74 177
75 78
75 81
75 101
75 102
75 113
75 115
75 131
75 133
75 145
75 154
75 161
75 170
75 171
76 89
76 91
76 93
76 94
76 98
76 104
76 106
76 112
76 114
76 116
76 130
76 135
76 142
76 146
76 147
76 151
76 157
76 168
76 174
76 175
76 178
76 179
77 79
77 85
77 90
77 92
77 95
77 96
77 103
77 107
77 108
77 123
77 124
77 137
77 148
77 149
77 158
77 160
77 163
77 165
77 166
77 173
77 180
78 81
78 101
78 102
78 113
78 115
78 131
78 133
78 145
78 154
78 161
78 170
78 171
79 85
79 90
79 92
79 95
79 96
79 103
79 107
79 108
79 123
79 124
79 137
79 148
79 149
79 158
79 160
79 163
79 165
79 166
79 173
79 180
80 82
80 84
80 97
80 99
80 100
80 105
80 109
80 110
80 119
80 121
80 125
80 127
80 128
80 129
80 134
80 136
80 138
80 139
80 141
80 143
80 144
80 150
80 152
80 159
80 167
81 101
81 102
81 113
81 115
81 131
81 133
81 145
81 154
81 161
81 170
81 171
82 84
82 97
82 99
82 100
82 105
82 109
82 110
82 119
82 121
82 125
82 127
82 128
82 129
82 134
82 136
82 138
82 139
82 141
82 143
82 144
82 150
82 152
82 159
82 167
83 86
83 87
83 88
83 111
83 117
83 118
83 120
83 122
83 126
83 132
83 140
83 153
83 155
83 156
83 162
83 164
83 169
83 172
83 176
83 177
84 97
84 99
84 100
84 105
84 109
84 110
84 119
84 121
84 125
84 127
84 128
84 129
84 134
84 136
84 138
84 139
84 141
84 143
84 144
84 150
84 152
84 159
84 167
85 90
85 92
85 95
85 96
85 103
85 107
85 108
85 123
85 124
85 137
85 148
85 149
85 158
85 160
85 163
85 165
85 166
85 173
85 180
86 87
86 88
86 111
86 117
86 118
86 120
86 122
86 126
86 132
86 140
86 153
86 155
86 156
86 162
86 164
86 169
86 172
86 176
86 177
87 88
87 111
87 117
87 118
87 120
87 122
87 126
87 132
87 140
87 153
87 155
87 156
87 162
87 164
87 169
87 172
87 176
87 177
88 111
88 117
88 118
88 120
88 122
88 126
88 132
88 140
88 153
88 155
88 156
88 162
88 164
88 169
88 172
88 176
88 177
89 91
89 93
89 94
89 98
89 104
89 106
89 112
89 114
89 116
89 130
89 135
89 142
89 146
89 147
89 151
89 157
89 168
89 174
89 175
89 178
89 179
90 92
90 95
90 96
90 103
90 107
90 108
90 123
90 124
90 137
90 148
90 149
90 158
90 160
90 163
90 165
90 166
90 173
90 180
91 93
91 94
91 98
91 104
91 106
91 112
91 114
91 116
91 130
91 135
91 142
91 146
91 147
91 151
91 157
91 168
91 174
91 175
91 178
91 179
92 95
92 96
92 103
92 107
92 108
92 123
92 124
92 137
92 148
92 149
92 158
92 160
92 163
92 165
92 166
92 173
92 180
93 94
93 98
93 104
93 106
93 112
93 114
93 116
93 130
93 135
93 142
93 146
93 147
93 151
93 157
93 168
93 174
93 175
93 178
93 179
94 98
94 104
94 106
94 112
94 114
94 116
94 130
94 135
94 142
94 146
94 147
94 151
94 157
94 168
94 174
94 175
94 178
94 179
95 96
95 103
95 107
95 108
95 123
95 124
95 137
95 148
95 149
95 158
95 160
95 163
95 165
95 166
95 173
95 180
96 103
96 107
96 108
96 123
96 124
96 137
96 148
96 149
96 158
96 160
96 163
96 165
96 166
96 173
96 180
97 99
97 100
97 105
97 109
97 110
97 119
97 121
97 125
97 127
97 128
97 129
97 134
97 136
97 138
97 139
97 141
97 143
97 144
97 150
97 152
97 159
97 167
98 104
98 106
98 112
98 114
98 116
98 130
98 135
98 142
98 146
98 147
98 151
98 157
98 168
98 174
98 175
98 178
98 179
99 100
99 105
99 109
99 110
99 119
99 121
99 125
99 127
99 128
99 129
99 134
99 136
99 138
99 139
99 141
99 143
99 144
99 150
99 152
99 159
99 167
100 105
100 109
100 110
100 119
100 121
100 125
100 127
100 128
100 129
100 134
100 136
100 138
100 139
100 141
100 143
100 144
100 150
100 152
100 159
100 167
101 102
101 113
101 115
101 131
101 133
101 145
101 154
101 161
101 170
101 171
102 113
102 115
102 131
102 133
102 145
102 154
102 161
102 170
102 171
103 107
103 108
103 123
103 124
103 137
103 148
103 149
103 158
103 160
103 163
103 165
103 166
103 173
103 180
104 106
104 112
104 114
104 116
104 130
104 135
104 142
104 146
104 147
104 151
104 157
104 168
104 174
104 175
104 178
104 179
105 109
105 110
105 119
105 121
105 125
105 127
105 128
105 129
105 134
105 136
105 138
105 139
105 141
105 143
105 144
105 150
105 152
105 159
105 167
106 112
106 114
106 116
106 130
106 135
106 142
106 146
106 147
106 151
106 157
106 168
106 174
106 175
106 178
106 179
107 108
107 123
107 124
107 137
107 148
107 149
107 158
107 160
107 163
107 165
107 166
107 173
107 180
108 123
108 124
108 137
108 148
108 149
108 158
108 160
108 163
108 165
108 166
108 173
108 180
109 110
109 119
109 121
109 125
109 127
109 128
109 129
109 134
109 136
109 138
109 139
109 141
109 143
109 144
109 150
109 152
109 159
109 167
110 119
110 121
110 125
110 127
110 128
110 129
110 134
110 136
110 138
110 139
110 141
110 143
110 144
110 150
110 152
110 159
110 167
111 117
111 118
111 120
111 122
111 126
111 132
111 140
111 153
111 155
111 156
111 162
111 164
111 169
111 172
111 176
111 177
112 114
112 116
112 130
112 135
112 142
112 146
112 147
112 151
112 157
112 168
112 174
112 175
112 178
112 179
113 115
113 131
113 133
113 145
113 154
113 161
113 170
113 171
114 116
114 130
114 135
114 142
114 146
114 147
114 151
114 157
114 168
114 174
114 175
114 178
114 179
115 131
115 133
115 145
115 154
115 161
115 170
115 171
116 130
116 135
116 142
116 146
116 147
116 151
116 157
116 168
116 174
116 175
116 178
116 179
117 118
117 120
117 122
117 126
117 132
117 140
117 153
117 155
117 156
117 162
117 164
117 169
117 172
117 176
117 177
118 120
118 122
118 126
118 132
118 140
118 153
118 155
118 156
118 162
118 164
118 169
118 172
118 176
118 177
119 121
119 125
119 127
119 128
119 129
119 134
119 136
119 138
119 139
119 141
119 143
119 144
119 150
119 152
119 159
119 167
120 122
120 126
120 132
120 140
120 153
120 155
120 156
120 162
120 164
120 169
120 172
120 176
120 177
121 125
121 127
121 128
121 129
121 134
121 136
121 138
121 139
121 141
121 143
121 144
121 150
121 152
121 159
121 167
122 126
122 132
122 140
122 153
122 155
122 156
122 162
122 164
122 169
122 172
122 176
122 177
123 124
123 137
123 148
123 149
123 158
123 160
123 163
123 165
123 166
123 173
123 180
124 137
124 148
124 149
124 158
124 160
124 163
124 165
124 166
124 173
124 180
125 127
125 128
125 129
125 134
125 136
125 138
125 139
125 141
125 143
125 144
125 150
125 152
125 159
125 167
126 132
126 140
126 153
126 155
126 156
126 162
126 164
126 169
126 172
126 176
126 177
127 128
127 129
127 134
127 136
127 138
127 139
127 141
127 143
127 144
127 150
127 152
127 159
127 167
128 129
128 134
128 136
128 138
128 139
128 141
128 143
128 144
128 150
128 152
128 159
128 167
129 134
129 136
129 138
129 139
129 141
129 143
129 144
129 150
129 152
129 159
129 167
130 135
130 142
130 146
130 147
130 151
130 157
130 168
130 174
130 175
130 178
130 179
131 133
131 145
131 154
131 161
131 170
131 171
132 140
132 153
132 155
132 156
132 162
132 164
132 169
132 172
132 176
132 177
133 145
133 154
133 161
133 170
133 171
134 136
134 138
134 139
134 141
134 143
134 144
134 150
134 152
134 159
134 167
135 142
135 146
135 147
135 151
135 157
135 168
135 174
135 175
135 178
135 179
136 138
136 139
136 141
136 143
136 144
136 150
136 152
136 159
136 167
137 148
137 149
137 158
137 160
137 163
137 165
137 166
137 173
137 180
138 139
138 141
138 143
138 144
138 150
138 152
138 159
138 167
139 141
139 143
139 144
139 150
139 152
139 159
139 167
140 153
140 155
140 156
140 162
140 164
140 169
140 172
140 176
140 177
141 143
141 144
141 150
141 152
141 159
141 167
142 146
142 147
142 151
142 157
142 168
142 174
142 175
142 178
142 179
143 144
143 150
143 152
143 159
143 167
144 150
144 152
144 159
144 167
145 154
145 161
145 170
145 171
146 147
146 151
146 157
146 168
146 174
146 175
146 178
146 179
147 151
147 157
147 168
147 174
147 175
147 178
147 179
148 149
148 158
148 160
148 163
148 165
148 166
148 173
148 180
149 158
149 160
149 163
149 165
149 166
149 173
149 180
150 152
150 159
150 167
151 157
151 168
151 174
151 175
151 178
151 179
152 159
152 167
153 155
153 156
153 162
153 164
153 169
153 172
153 176
153 177
154 161
154 170
154 171
155 156
155 162
155 164
155 169
155 172
155 176
155 177
156 162
156 164
156 169
156 172
156 176
156 177
157 168
157 174
157 175
157 178
157 179
158 160
158 163
158 165
158 166
158 173
158 180
159 167
160 163
160 165
160 166
160 173
160 180
161 170
161 171
162 164
162 169
162 172
162 176
162 177
163 165
163 166
163 173
163 180
164 169
164 172
164 176
164 177
165 166
165 173
165 180
166 173
166 180
168 174
168 175
168 178
168 179
169 172
169 176
169 177
170 171
172 176
172 177
173 180
174 175
174 178
174 179
175 178
175 179
176 177
178 179
59 49
59 65
59 161
59 53
59 13
59 36
59 78
59 131
59 38
59 113
59 171
59 63
59 170
59 25
59 75
59 145
59 67
59 81
59 3
59 7
59 101
59 115
59 133
59 26
59 102
59 154
157 49
157 65
157 161
157 53
157 13
157 36
157 78
157 131
157 38
157 113
157 171
157 63
157 170
157 25
157 75
157 145
157 67
157 81
157 3
157 7
157 101
157 115
157 133
157 26
157 102
157 154
119 49
119 65
119 161
119 53
119 13
119 36
119 78
119 131
119 38
119 113
119 171
119 63
119 170
119 25
119 75
119 145
119 67
119 81
119 3
119 7
119 101
119 115
119 133
119 26
119 102
119 154
96 46
96 122
96 58
96 176
96 177
96 22
96 74
96 9
96 162
96 62
96 27
96 153
96 164
96 117
96 169
96 140
96 47
96 156
96 2
96 87
96 35
96 1
96 155
96 132
96 83
96 21
96 23
96 88
96 42
96 86
96 126
96 120
96 51
96 172
96 118
96 111
40 142
40 91
40 175
40 168
40 60
40 130
40 114
40 11
40 151
40 116
40 157
40 93
40 19
40 98
40 174
40 76
40 66
40 18
40 14
40 112
40 178
40 5
40 106
40 135
40 50
40 24
40 89
40 146
40 104
40 30
40 34
40 17
40 72
40 147
40 73
40 179
40 39
40 68
40 29
40 6
40 28
40 33
40 52
40 94
40 4
40 20
40 61
40 54
117 137
117 95
117 56
117 166
117 90
117 148
117 165
117 108
117 123
117 10
117 15
117 77
117 85
117 163
117 158
117 149
117 160
117 96
117 40
117 45
117 107
117 71
117 173
117 180
117 70
117 41
117 79
117 44
117 92
117 124
117 103
24 137
24 95
24 56
24 166
24 90
24 148
24 165
24 108
24 123
24 10
24 15
24 77
24 85
24 163
24 158
24 149
24 160
24 96
24 40
24 45
24 107
24 71
24 173
24 180
24 70
24 41
24 79
24 44
24 92
24 124
24 103
44 49
44 65
44 161
44 53
44 13
44 36
44 78
44 131
44 38
44 113
44 171
44 63
44 170
44 25
44 75
44 145
44 67
44 81
44 3
44 7
44 101
44 115
44 133
44 26
44 102
44 154
8 142
8 91
8 175
8 168
8 60
8 130
8 114
8 11
8 151
8 116
8 157
8 93
8 19
8 98
8 174
8 76
8 66
8 18
8 14
8 112
8 178
8 5
8 106
8 135
8 50
8 24
8 89
8 146
8 104
8 30
8 34
8 17
8 72
8 147
8 73
8 179
8 39
8 68
8 29
8 6
8 28
8 33
8 52
8 94
8 4
8 20
8 61
8 54
25 46
25 122
25 58
25 176
25 177
25 22
25 74
25 9
25 162
25 62
25 27
25 153
25 164
25 117
25 169
25 140
25 47
25 156
25 2
25 87
25 35
25 1
25 155
25 132
25 83
25 21
25 23
25 88
25 42
25 86
25 126
25 120
25 51
25 172
25 118
25 111
89 16
89 141
89 64
89 127
89 150
89 129
89 167
89 37
89 97
89 136
89 48
89 69
89 31
89 110
89 119
89 82
89 99
89 109
89 152
89 121
89 32
89 55
89 144
89 80
89 134
89 138
89 125
89 100
89 143
89 84
89 128
89 57
89 12
89 43
89 139
89 105
89 8
89 159
89 59
9 142
9 91
9 175
9 168
9 60
9 130
9 114
9 11
9 151
9 116
9 157
9 93
9 19
9 98
9 174
9 76
9 66
9 18
9 14
9 112
9 178
9 5
9 106
9 135
9 50
9 24
9 89
9 146
9 104
9 30
9 34
9 17
9 72
9 147
9 73
9 179
9 39
9 68
9 29
9 6
9 28
9 33
9 52
9 94
9 4
9 20
9 61
9 54
75 142
75 91
75 175
75 168
75 60
75 130
75 114
75 11
75 151
75 116
75 157
75 93
75 19
75 98
75 174
75 76
75 66
75 18
75 14
75 112
75 178
75 5
75 106
75 135
75 50
75 24
75 89
75 146
75 104
75 30
75 34
75 17
75 72
75 147
75 73
75 179
75 39
75 68
75 29
75 6
75 28
75 33
75 52
75 94
75 4
75 20
75 61
75 54
84 49
84 65
84 161
84 53
84 13
84 36
84 78
84 131
84 38
84 113
84 171
84 63
84 170
84 25
84 75
84 145
84 67
84 81
84 3
84 7
84 101
84 115
84 133
84 26
84 102
84 154
154 142
154 91
154 175
154 168
154 60
154 130
154 114
154 11
154 151
154 116
154 157
154 93
154 19
154 98
154 174
154 76
154 66
154 18
154 14
154 112
154 178
154 5
154 106
154 135
154 50
154 24
154 89
154 146
154 104
154 30
154 34
154 17
154 72
154 147
154 73
154 179
154 39
154 68
154 29
154 6
154 28
154 33
154 52
154 94
154 4
154 20
154 61
154 54
79 46
79 122
79 58
79 176
79 177
79 22
79 74
79 9
79 162
79 62
79 27
79 153
79 164
79 117
79 169
79 140
79 47
79 156
79 2
79 87
79 35
79 1
79 155
79 132
79 83
79 21
79 23
79 88
79 42
79 86
79 126
79 120
79 51
79 172
79 118
79 111
17 46
17 122
17 58
17 176
17 177
17 22
17 74
17 9
17 162
17 62
17 27
17 153
17 164
17 117
17 169
17 140
17 47
17 156
17 2
17 87
17 35
17 1
17 155
17 132
17 83
17 21
17 23
17 88
17 42
17 86
17 126
17 120
17 51
17 172
17 118
17 111
29 49
29 65
29 161
29 53
29 13
29 36
29 78
29 131
29 38
29 113
29 171
29 63
29 170
29 25
29 75
29 145
29 67
29 81
29 3
29 7
29 101
29 115
29 133
29 26
29 102
29 154
54 49
54 65
54 161
54 53
54 13
54 36
54 78
54 131
54 38
54 113
54 171
54 63
54 170
54 25
54 75
54 145
54 67
54 81
54 3
54 7
54 101
54 115
54 133
54 26
54 102
54 154
170 142
170 91
170 175
170 168
170 60
170 130
170 114
170 11
170 151
170 116
170 157
170 93
170 19
170 98
170 174
170 76
170 66
170 18
170 14
170 112
170 178
170 5
170 106
170 135
170 50
170 24
170 89
170 146
170 104
170 30
170 34
170 17
170 72
170 147
170 73
170 179
170 39
170 68
170 29
170 6
170 28
170 33
170 52
170 94
170 4
170 20
170 61
170 54
166 46
166 122
166 58
166 176
166 177
166 22
166 74
166 9
166 162
166 62
166 27
166 153
166 164
166 117
166 169
166 140
166 47
166 156
166 2
166 87
166 35
166 1
166 155
166 132
166 83
166 21
166 23
166 88
166 42
166 86
166 126
166 120
166 51
166 172
166 118
166 111
134 49
134 65
134 161
134 53
134 13
134 36
134 78
134 131
134 38
134 113
134 171
134 63
134 170
134 25
134 75
134 145
134 67
134 81
134 3
134 7
134 101
134 115
134 133
134 26
134 102
134 154
167 137
167 95
167 56
167 166
167 90
167 148
167 165
167 108
167 123
167 10
167 15
167 77
167 85
167 163
167 158
167 149
167 160
167 96
167 40
167 45
167 107
167 71
167 173
167 180
167 70
167 41
167 79
167 44
167 92
167 124
167 103
23 49
23 65
23 161
23 53
23 13
23 36
23 78
23 131
23 38
23 113
23 171
23 63
23 170
23 25
23 75
23 145
23 67
23 81
23 3
23 7
23 101
23 115
23 133
23 26
23 102
23 154
162 16
162 141
162 64
162 127
162 150
162 129
162 167
162 37
162 97
162 136
162 48
162 69
162 31
162 110
162 119
162 82
162 99
162 109
162 152
162 121
162 32
162 55
162 144
162 80
162 134
162 138
162 125
162 100
162 143
162 84
162 128
162 57
162 12
162 43
162 139
162 105
162 8
162 159
162 59
