100
3586
1 2
1 4
1 5
1 7
1 8
1 9
1 10
1 12
1 13
1 14
1 18
1 20
1 21
1 22
1 23
1 24
1 27
1 29
1 30
1 31
1 32
1 35
1 36
1 37
1 40
1 41
1 43
1 46
1 47
1 49
1 50
1 52
1 53
1 54
1 55
1 57
1 60
1 62
1 63
1 64
1 66
1 67
1 69
1 70
1 74
1 77
1 78
1 79
1 80
1 81
1 83
1 84
1 85
1 86
1 87
1 89
1 90
1 91
1 92
1 93
1 94
1 95
1 96
1 100
2 4
2 5
2 7
2 8
2 9
2 10
2 12
2 13
2 14
2 18
2 20
2 21
2 22
2 23
2 24
2 27
2 29
2 30
2 31
2 32
2 35
2 36
2 37
2 40
2 41
2 43
2 46
2 47
2 49
2 50
2 52
2 53
2 54
2 55
2 57
2 60
2 62
2 63
2 64
2 66
2 67
2 69
2 70
2 74
2 77
2 78
2 79
2 80
2 81
2 83
2 84
2 85
2 86
2 87
2 89
2 90
2 91
2 92
2 93
2 94
2 95
2 96
2 100
3 6
3 11
3 15
3 16
3 17
3 19
3 25
3 26
3 28
3 33
3 34
3 38
3 39
3 42
3 44
3 45
3 48
3 51
3 56
3 58
3 59
3 61
3 65
3 68
3 71
3 72
3 73
3 75
3 76
3 82
3 88
3 97
3 98
3 99
4 5
4 7
4 8
4 9
4 10
4 12
4 13
4 14
4 18
4 20
4 21
4 22
4 23
4 24
4 27
4 29
4 30
4 31
4 32
4 35
4 36
4 37
4 40
4 41
4 43
4 46
4 47
4 49
4 50
4 52
4 53
4 54
4 55
4 57
4 60
4 62
4 63
4 64
4 66
4 67
4 69
4 70
4 74
4 77
4 78
4 79
4 80
4 81
4 83
4 84
4 85
4 86
4 87
4 89
4 90
4 91
4 92
4 93
4 94
4 95
4 96
4 100
5 7
5 8
5 9
5 10
5 12
5 13
5 14
5 18
5 20
5 21
5 22
5 23
5 24
5 27
5 29
5 30
5 31
5 32
5 35
5 36
5 37
5 40
5 41
5 43
5 46
5 47
5 49
5 50
5 52
5 53
5 54
5 55
5 57
5 60
5 62
5 63
5 64
5 66
5 67
5 69
5 70
5 74
5 77
5 78
5 79
5 80
5 81
5 83
5 84
5 85
5 86
5 87
5 89
5 90
5 91
5 92
5 93
5 94
5 95
5 96
5 100
6 11
6 15
6 16
6 17
6 19
6 25
6 26
6 28
6 33
6 34
6 38
6 39
6 42
6 44
6 45
6 48
6 51
6 56
6 58
6 59
6 61
6 65
6 68
6 71
6 72
6 73
6 75
6 76
6 82
6 88
6 97
6 98
6 99
7 8
7 9
7 10
7 12
7 13
7 14
7 18
7 20
7 21
7 22
7 23
7 24
7 27
7 29
7 30
7 31
7 32
7 35
7 36
7 37
7 40
7 41
7 43
7 46
7 47
7 49
7 50
7 52
7 53
7 54
7 55
7 57
7 60
7 62
7 63
7 64
7 66
7 67
7 69
7 70
7 74
7 77
7 78
7 79
7 80
7 81
7 83
7 84
7 85
7 86
7 87
7 89
7 90
7 91
7 92
7 93
7 94
7 95
7 96
7 100
8 9
8 10
8 12
8 13
8 14
8 18
8 20
8 21
8 22
8 23
8 24
8 27
8 29
8 30
8 31
8 32
8 35
8 36
8 37
8 40
8 41
8 43
8 46
8 47
8 49
8 50
8 52
8 53
8 54
8 55
8 57
8 60
8 62
8 63
8 64
8 66
8 67
8 69
8 70
8 74
8 77
8 78
8 79
8 80
8 81
8 83
8 84
8 85
8 86
8 87
8 89
8 90
8 91
8 92
8 93
8 94
8 95
8 96
8 100
9 10
9 12
9 13
9 14
9 18
9 20
9 21
9 22
9 23
9 24
9 27
9 29
9 30
9 31
9 32
9 35
9 36
9 37
9 40
9 41
9 43
9 46
9 47
9 49
9 50
9 52
9 53
9 54
9 55
9 57
9 60
9 62
9 63
9 64
9 66
9 67
9 69
9 70
9 74
9 77
9 78
9 79
9 80
9 81
9 83
9 84
9 85
9 86
9 87
9 89
9 90
9 91
9 92
9 93
9 94
9 95
9 96
9 100
10 12
10 13
10 14
10 18
10 20
10 21
10 22
10 23
10 24
10 27
10 29
10 30
10 31
10 32
10 35
10 36
10 37
10 40
10 41
10 43
10 46
10 47
10 49
10 50
10 52
10 53
10 54
10 55
10 57
10 60
10 62
10 63
10 64
10 66
10 67
10 69
10 70
10 74
10 77
10 78
10 79
10 80
10 81
10 83
10 84
10 85
10 86
10 87
10 89
10 90
10 91
10 92
10 93
10 94
10 95
10 96
10 100
11 15
11 16
11 17
11 19
11 25
11 26
11 28
11 33
11 34
11 38
11 39
11 42
11 44
11 45
11 48
11 51
11 56
11 58
11 59
11 61
11 65
11 68
11 71
11 72
11 73
11 75
11 76
11 82
11 88
11 97
11 98
11 99
12 13
12 14
12 18
12 20
12 21
12 22
12 23
12 24
12 27
12 29
12 30
12 31
12 32
12 35
12 36
12 37
12 40
12 41
12 43
12 46
12 47
12 49
12 50
12 52
12 53
12 54
12 55
12 57
12 60
12 62
12 63
12 64
12 66
12 67
12 69
12 70
12 74
12 77
12 78
12 79
12 80
12 81
12 83
12 84
12 85
12 86
12 87
12 89
12 90
12 91
12 92
12 93
12 94
12 95
12 96
12 100
13 14
13 18
13 20
13 21
13 22
13 23
13 24
13 27
13 29
13 30
13 31
13 32
13 35
13 36
13 37
13 40
13 41
13 43
13 46
13 47
13 49
13 50
13 52
13 53
13 54
13 55
13 57
13 60
13 62
13 63
13 64
13 66
13 67
13 69
13 70
13 74
13 77
13 78
13 79
13 80
13 81
13 83
13 84
13 85
13 86
13 87
13 89
13 90
13 91
13 92
13 93
13 94
13 95
13 96
13 100
14 18
14 20
14 21
14 22
14 23
14 24
14 27
14 29
14 30
14 31
14 32
14 35
14 36
14 37
14 40
14 41
14 43
14 46
14 47
14 49
14 50
14 52
14 53
14 54
14 55
14 57
14 60
14 62
14 63
14 64
14 66
14 67
14 69
14 70
14 74
14 77
14 78
14 79
14 80
14 81
14 83
14 84
14 85
14 86
14 87
14 89
14 90
14 91
14 92
14 93
14 94
14 95
14 96
14 100
15 16
15 17
15 19
15 25
15 26
15 28
15 33
15 34
15 38
15 39
15 42
15 44
15 45
15 48
15 51
15 56
15 58
15 59
15 61
15 65
15 68
15 71
15 72
15 73
15 75
15 76
15 82
15 88
15 97
15 98
15 99
16 17
16 19
16 25
16 26
16 28
16 33
16 34
16 38
16 39
16 42
16 44
16 45
16 48
16 51
16 56
16 58
16 59
16 61
16 65
16 68
16 71
16 72
16 73
16 75
16 76
16 82
16 88
16 97
16 98
16 99
17 19
17 25
17 26
17 28
17 33
17 34
17 38
17 39
17 42
17 44
17 45
17 48
17 51
17 56
17 58
17 59
17 61
17 65
17 68
17 71
17 72
17 73
17 75
17 76
17 82
17 88
17 97
17 98
17 99
18 20
18 21
18 22
18 23
18 24
18 27
18 29
18 30
18 31
18 32
18 35
18 36
18 37
18 40
18 41
18 43
18 46
18 47
18 49
18 50
18 52
18 53
18 54
18 55
18 57
18 60
18 62
18 63
18 64
18 66
18 67
18 69
18 70
18 74
18 77
18 78
18 79
18 80
18 81
18 83
18 84
18 85
18 86
18 87
18 89
18 90
18 91
18 92
18 93
18 94
18 95
18 96
18 100
19 25
19 26
19 28
19 33
19 34
19 38
19 39
19 42
19 44
19 45
19 48
19 51
19 56
19 58
19 59
19 61
19 65
19 68
19 71
19 72
19 73
19 75
19 76
19 82
19 88
19 97
19 98
19 99
20 21
20 22
20 23
20 24
20 27
20 29
20 30
20 31
20 32
20 35
20 36
20 37
20 40
20 41
20 43
20 46
20 47
20 49
20 50
20 52
20 53
20 54
20 55
20 57
20 60
20 62
20 63
20 64
20 66
20 67
20 69
20 70
20 74
20 77
20 78
20 79
20 80
20 81
20 83
20 84
20 85
20 86
20 87
20 89
20 90
20 91
20 92
20 93
20 94
20 95
20 96
20 100
21 22
21 23
21 24
21 27
21 29
21 30
21 31
21 32
21 35
21 36
21 37
21 40
21 41
21 43
21 46
21 47
21 49
21 50
21 52
21 53
21 54
21 55
21 57
21 60
21 62
21 63
21 64
21 66
21 67
21 69
21 70
21 74
21 77
21 78
21 79
21 80
21 81
21 83
21 84
21 85
21 86
21 87
21 89
21 90
21 91
21 92
21 93
21 94
21 95
21 96
21 100
22 23
22 24
22 27
22 29
22 30
22 31
22 32
22 35
22 36
22 37
22 40
22 41
22 43
22 46
22 47
22 49
22 50
22 52
22 53
22 54
22 55
22 57
22 60
22 62
22 63
22 64
22 66
22 67
22 69
22 70
22 74
22 77
22 78
22 79
22 80
22 81
22 83
22 84
22 85
22 86
22 87
22 89
22 90
22 91
22 92
22 93
22 94
22 95
22 96
22 100
23 24
23 27
23 29
23 30
23 31
23 32
23 35
23 36
23 37
23 40
23 41
23 43
23 46
23 47
23 49
23 50
23 52
23 53
23 54
23 55
23 57
23 60
23 62
23 63
23 64
23 66
23 67
23 69
23 70
23 74
23 77
23 78
23 79
23 80
23 81
23 83
23 84
23 85
23 86
23 87
23 89
23 90
23 91
23 92
23 93
23 94
23 95
23 96
23 100
24 27
24 29
24 30
24 31
24 32
24 35
24 36
24 37
24 40
24 41
24 43
24 46
24 47
24 49
24 50
24 52
24 53
24 54
24 55
24 57
24 60
24 62
24 63
24 64
24 66
24 67
24 69
24 70
24 74
24 77
24 78
24 79
24 80
24 81
24 83
24 84
24 85
24 86
24 87
24 89
24 90
24 91
24 92
24 93
24 94
24 95
24 96
24 100
25 26
25 28
25 33
25 34
25 38
25 39
25 42
25 44
25 45
25 48
25 51
25 56
25 58
25 59
25 61
25 65
25 68
25 71
25 72
25 73
25 75
25 76
25 82
25 88
25 97
25 98
25 99
26 28
26 33
26 34
26 38
26 39
26 42
26 44
26 45
26 48
26 51
26 56
26 58
26 59
26 61
26 65
26 68
26 71
26 72
26 73
26 75
26 76
26 82
26 88
26 97
26 98
26 99
27 29
27 30
27 31
27 32
27 35
27 36
27 37
27 40
27 41
27 43
27 46
27 47
27 49
27 50
27 52
27 53
27 54
27 55
27 57
27 60
27 62
27 63
27 64
27 66
27 67
27 69
27 70
27 74
27 77
27 78
27 79
27 80
27 81
27 83
27 84
27 85
27 86
27 87
27 89
27 90
27 91
27 92
27 93
27 94
27 95
27 96
27 100
28 33
28 34
28 38
28 39
28 42
28 44
28 45
28 48
28 51
28 56
28 58
28 59
28 61
28 65
28 68
28 71
28 72
28 73
28 75
28 76
28 82
28 88
28 97
28 98
28 99
29 30
29 31
29 32
29 35
29 36
29 37
29 40
29 41
29 43
29 46
29 47
29 49
29 50
29 52
29 53
29 54
29 55
29 57
29 60
29 62
29 63
29 64
29 66
29 67
29 69
29 70
29 74
29 77
29 78
29 79
29 80
29 81
29 83
29 84
29 85
29 86
29 87
29 89
29 90
29 91
29 92
29 93
29 94
29 95
29 96
29 100
30 31
30 32
30 35
30 36
30 37
30 40
30 41
30 43
30 46
30 47
30 49
30 50
30 52
30 53
30 54
30 55
30 57
30 60
30 62
30 63
30 64
30 66
30 67
30 69
30 70
30 74
30 77
30 78
30 79
30 80
30 81
30 83
30 84
30 85
30 86
30 87
30 89
30 90
30 91
30 92
30 93
30 94
30 95
30 96
30 100
31 32
31 35
31 36
31 37
31 40
31 41
31 43
31 46
31 47
31 49
31 50
31 52
31 53
31 54
31 55
31 57
31 60
31 62
31 63
31 64
31 66
31 67
31 69
31 70
31 74
31 77
31 78
31 79
31 80
31 81
31 83
31 84
31 85
31 86
31 87
31 89
31 90
31 91
31 92
31 93
31 94
31 95
31 96
31 100
32 35
32 36
32 37
32 40
32 41
32 43
32 46
32 47
32 49
32 50
32 52
32 53
32 54
32 55
32 57
32 60
32 62
32 63
32 64
32 66
32 67
32 69
32 70
32 74
32 77
32 78
32 79
32 80
32 81
32 83
32 84
32 85
32 86
32 87
32 89
32 90
32 91
32 92
32 93
32 94
32 95
32 96
32 100
33 34
33 38
33 39
33 42
33 44
33 45
33 48
33 51
33 56
33 58
33 59
33 61
33 65
33 68
33 71
33 72
33 73
33 75
33 76
33 82
33 88
33 97
33 98
33 99
34 38
34 39
34 42
34 44
34 45
34 48
34 51
34 56
34 58
34 59
34 61
34 65
34 68
34 71
34 72
34 73
34 75
34 76
34 82
34 88
34 97
34 98
34 99
35 36
35 37
35 40
35 41
35 43
35 46
35 47
35 49
35 50
35 52
35 53
35 54
35 55
35 57
35 60
35 62
35 63
35 64
35 66
35 67
35 69
35 70
35 74
35 77
35 78
35 79
35 80
35 81
35 83
35 84
35 85
35 86
35 87
35 89
35 90
35 91
35 92
35 93
35 94
35 95
35 96
35 100
36 37
36 40
36 41
36 43
36 46
36 47
36 49
36 50
36 52
36 53
36 54
36 55
36 57
36 60
36 62
36 63
36 64
36 66
36 67
36 69
36 70
36 74
36 77
36 78
36 79
36 80
36 81
36 83
36 84
36 85
36 86
36 87
36 89
36 90
36 91
36 92
36 93
36 94
36 95
36 96
36 100
37 40
37 41
37 43
37 46
37 47
37 49
37 50
37 52
37 53
37 54
37 55
37 57
37 60
37 62
37 63
37 64
37 66
37 67
37 69
37 70
37 74
37 77
37 78
37 79
37 80
37 81
37 83
37 84
37 85
37 86
37 87
37 89
37 90
37 91
37 92
37 93
37 94
37 95
37 96
37 100
38 39
38 42
38 44
38 45
38 48
38 51
38 56
38 58
38 59
38 61
38 65
38 68
38 71
38 72
38 73
38 75
38 76
38 82
38 88
38 97
38 98
38 99
39 42
39 44
39 45
39 48
39 51
39 56
39 58
39 59
39 61
39 65
39 68
39 71
39 72
39 73
39 75
39 76
39 82
39 88
39 97
39 98
39 99
40 41
40 43
40 46
40 47
40 49
40 50
40 52
40 53
40 54
40 55
40 57
40 60
40 62
40 63
40 64
40 66
40 67
40 69
40 70
40 74
40 77
40 78
40 79
40 80
40 81
40 83
40 84
40 85
40 86
40 87
40 89
40 90
40 91
40 92
40 93
40 94
40 95
40 96
40 100
41 43
41 46
41 47
41 49
41 50
41 52
41 53
41 54
41 55
41 57
41 60
41 62
41 63
41 64
41 66
41 67
41 69
41 70
41 74
41 77
41 78
41 79
41 80
41 81
41 83
41 84
41 85
41 86
41 87
41 89
41 90
41 91
41 92
41 93
41 94
41 95
41 96
41 100
42 44
42 45
42 48
42 51
42 56
42 58
42 59
42 61
42 65
42 68
42 71
42 72
42 73
42 75
42 76
42 82
42 88
42 97
42 98
42 99
43 46
43 47
43 49
43 50
43 52
43 53
43 54
43 55
43 57
43 60
43 62
43 63
43 64
43 66
43 67
43 69
43 70
43 74
43 77
43 78
43 79
43 80
43 81
43 83
43 84
43 85
43 86
43 87
43 89
43 90
43 91
43 92
43 93
43 94
43 95
43 96
43 100
44 45
44 48
44 51
44 56
44 58
44 59
44 61
44 65
44 68
44 71
44 72
44 73
44 75
44 76
44 82
44 88
44 97
44 98
44 99
45 48
45 51
45 56
45 58
45 59
45 61
45 65
45 68
45 71
45 72
45 73
45 75
45 76
45 82
45 88
45 97
45 98
45 99
46 47
46 49
46 50
46 52
46 53
46 54
46 55
46 57
46 60
46 62
46 63
46 64
46 66
46 67
46 69
46 70
46 74
46 77
46 78
46 79
46 80
46 81
46 83
46 84
46 85
46 86
46 87
46 89
46 90
46 91
46 92
46 93
46 94
46 95
46 96
46 100
47 49
47 50
47 52
47 53
47 54
47 55
47 57
47 60
47 62
47 63
47 64
47 66
47 67
47 69
47 70
47 74
47 77
47 78
47 79
47 80
47 81
47 83
47 84
47 85
47 86
47 87
47 89
47 90
47 91
47 92
47 93
47 94
47 95
47 96
47 100
48 51
48 56
48 58
48 59
48 61
48 65
48 68
48 71
48 72
48 73
48 75
48 76
48 82
48 88
48 97
48 98
48 99
49 50
49 52
49 53
49 54
49 55
49 57
49 60
49 62
49 63
49 64
49 66
49 67
49 69
49 70
49 74
49 77
49 78
49 79
49 80
49 81
49 83
49 84
49 85
49 86
49 87
49 89
49 90
49 91
49 92
49 93
49 94
49 95
49 96
49 100
50 52
50 53
50 54
50 55
50 57
50 60
50 62
50 63
50 64
50 66
50 67
50 69
50 70
50 74
50 77
50 78
50 79
50 80
50 81
50 83
50 84
50 85
50 86
50 87
50 89
50 90
50 91
50 92
50 93
50 94
50 95
50 96
50 100
51 56
51 58
51 59
51 61
51 65
51 68
51 71
51 72
51 73
51 75
51 76
51 82
51 88
51 97
51 98
51 99
52 53
52 54
52 55
52 57
52 60
52 62
52 63
52 64
52 66
52 67
52 69
52 70
52 74
52 77
52 78
52 79
52 80
52 81
52 83
52 84
52 85
52 86
52 87
52 89
52 90
52 91
52 92
52 93
52 94
52 95
52 96
52 100
53 54
53 55
53 57
53 60
53 62
53 63
53 64
53 66
53 67
53 69
53 70
53 74
53 77
53 78
53 79
53 80
53 81
53 83
53 84
53 85
53 86
53 87
53 89
53 90
53 91
53 92
53 93
53 94
53 95
53 96
53 100
54 55
54 57
54 60
54 62
54 63
54 64
54 66
54 67
54 69
54 70
54 74
54 77
54 78
54 79
54 80
54 81
54 83
54 84
54 85
54 86
54 87
54 89
54 90
54 91
54 92
54 93
54 94
54 95
54 96
54 100
55 57
55 60
55 62
55 63
55 64
55 66
55 67
55 69
55 70
55 74
55 77
55 78
55 79
55 80
55 81
55 83
55 84
55 85
55 86
55 87
55 89
55 90
55 91
55 92
55 93
55 94
55 95
55 96
55 100
56 58
56 59
56 61
56 65
56 68
56 71
56 72
56 73
56 75
56 76
56 82
56 88
56 97
56 98
56 99
57 60
57 62
57 63
57 64
57 66
57 67
57 69
57 70
57 74
57 77
57 78
57 79
57 80
57 81
57 83
57 84
57 85
57 86
57 87
57 89
57 90
57 91
57 92
57 93
57 94
57 95
57 96
57 100
58 59
58 61
58 65
58 68
58 71
58 72
58 73
58 75
58 76
58 82
58 88
58 97
58 98
58 99
59 61
59 65
59 68
59 71
59 72
59 73
59 75
59 76
59 82
59 88
59 97
59 98
59 99
60 62
60 63
60 64
60 66
60 67
60 69
60 70
60 74
60 77
60 78
60 79
60 80
60 81
60 83
60 84
60 85
60 86
60 87
60 89
60 90
60 91
60 92
60 93
60 94
60 95
60 96
60 100
61 65
61 68
61 71
61 72
61 73
61 75
61 76
61 82
61 88
61 97
61 98
61 99
62 63
62 64
62 66
62 67
62 69
62 70
62 74
62 77
62 78
62 79
62 80
62 81
62 83
62 84
62 85
62 86
62 87
62 89
62 90
62 91
62 92
62 93
62 94
62 95
62 96
62 100
63 64
63 66
63 67
63 69
63 70
63 74
63 77
63 78
63 79
63 80
63 81
63 83
63 84
63 85
63 86
63 87
63 89
63 90
63 91
63 92
63 93
63 94
63 95
63 96
63 100
64 66
64 67
64 69
64 70
64 74
64 77
64 78
64 79
64 80
64 81
64 83
64 84
64 85
64 86
64 87
64 89
64 90
64 91
64 92
64 93
64 94
64 95
64 96
64 100
65 68
65 71
65 72
65 73
65 75
65 76
65 82
65 88
65 97
65 98
65 99
66 67
66 69
66 70
66 74
66 77
66 78
66 79
66 80
66 81
66 83
66 84
66 85
66 86
66 87
66 89
66 90
66 91
66 92
66 93
66 94
66 95
66 96
66 100
67 69
67 70
67 74
67 77
67 78
67 79
67 80
67 81
67 83
67 84
67 85
67 86
67 87
67 89
67 90
67 91
67 92
67 93
67 94
67 95
67 96
67 100
68 71
68 72
68 73
68 75
68 76
68 82
68 88
68 97
68 98
68 99
69 70
69 74
69 77
69 78
69 79
69 80
69 81
69 83
69 84
69 85
69 86
69 87
69 89
69 90
69 91
69 92
69 93
69 94
69 95
69 96
69 100
70 74
70 77
70 78
70 79
70 80
70 81
70 83
70 84
70 85
70 86
70 87
70 89
70 90
70 91
70 92
70 93
70 94
70 95
70 96
70 100
71 72
71 73
71 75
71 76
71 82
71 88
71 97
71 98
71 99
72 73
72 75
72 76
72 82
72 88
72 97
72 98
72 99
73 75
73 76
73 82
73 88
73 97
73 98
73 99
74 77
74 78
74 79
74 80
74 81
74 83
74 84
74 85
74 86
74 87
74 89
74 90
74 91
74 92
74 93
74 94
74 95
74 96
74 100
75 76
75 82
75 88
75 97
75 98
75 99
76 82
76 88
76 97
76 98
76 99
77 78
77 79
77 80
77 81
77 83
77 84
77 85
77 86
77 87
77 89
77 90
77 91
77 92
77 93
77 94
77 95
77 96
77 100
78 79
78 80
78 81
78 83
78 84
78 85
78 86
78 87
78 89
78 90
78 91
78 92
78 93
78 94
78 95
78 96
78 100
79 80
79 81
79 83
79 84
79 85
79 86
79 87
79 89
79 90
79 91
79 92
79 93
79 94
79 95
79 96
79 100
80 81
80 83
80 84
80 85
80 86
80 87
80 89
80 90
80 91
80 92
80 93
80 94
80 95
80 96
80 100
81 83
81 84
81 85
81 86
81 87
81 89
81 90
81 91
81 92
81 93
81 94
81 95
81 96
81 100
82 88
82 97
82 98
82 99
83 84
83 85
83 86
83 87
83 89
83 90
83 91
83 92
83 93
83 94
83 95
83 96
83 100
84 85
84 86
84 87
84 89
84 90
84 91
84 92
84 93
84 94
84 95
84 96
84 100
85 86
85 87
85 89
85 90
85 91
85 92
85 93
85 94
85 95
85 96
85 100
86 87
86 89
86 90
86 91
86 92
86 93
86 94
86 95
86 96
86 100
87 89
87 90
87 91
87 92
87 93
87 94
87 95
87 96
87 100
88 97
88 98
88 99
89 90
89 91
89 92
89 93
89 94
89 95
89 96
89 100
90 91
90 92
90 93
90 94
90 95
90 96
90 100
91 92
91 93
91 94
91 95
91 96
91 100
92 93
92 94
92 95
92 96
92 100
93 94
93 95
93 96
93 100
94 95
94 96
94 100
95 96
95 100
96 100
97 98
97 99
98 99
28 83
28 53
28 77
28 86
28 13
28 37
28 93
28 12
28 55
28 87
28 2
28 47
28 64
28 5
28 50
28 9
28 81
28 14
28 10
28 92
28 84
28 100
28 41
28 70
28 67
28 96
28 74
28 18
28 95
28 27
28 90
28 52
28 94
28 46
28 29
28 32
28 63
28 62
28 60
28 24
28 80
28 36
28 43
28 4
28 7
28 49
28 78
28 79
28 66
28 69
28 30
28 57
28 85
28 40
28 23
28 1
28 31
28 35
28 89
28 20
28 8
28 54
28 21
28 91
28 22
1 39
1 56
1 34
1 48
1 99
1 26
1 42
1 76
1 68
1 82
1 44
1 73
1 65
1 72
1 97
1 25
1 58
1 61
1 15
1 17
1 33
1 98
1 45
1 3
1 28
1 59
1 51
1 19
1 6
1 71
1 38
1 75
1 11
1 16
1 88
19 83
19 53
19 77
19 86
19 13
19 37
19 93
19 12
19 55
19 87
19 2
19 47
19 64
19 5
19 50
19 9
19 81
19 14
19 10
19 92
19 84
19 100
19 41
19 70
19 67
19 96
19 74
19 18
19 95
19 27
19 90
19 52
19 94
19 46
19 29
19 32
19 63
19 62
19 60
19 24
19 80
19 36
19 43
19 4
19 7
19 49
19 78
19 79
19 66
19 69
19 30
19 57
19 85
19 40
19 23
19 1
19 31
19 35
19 89
19 20
19 8
19 54
19 21
19 91
19 22
11 83
11 53
11 77
11 86
11 13
11 37
11 93
11 12
11 55
11 87
11 2
11 47
11 64
11 5
11 50
11 9
11 81
11 14
11 10
11 92
11 84
11 100
11 41
11 70
11 67
11 96
11 74
11 18
11 95
11 27
11 90
11 52
11 94
11 46
11 29
11 32
11 63
11 62
11 60
11 24
11 80
11 36
11 43
11 4
11 7
11 49
11 78
11 79
11 66
11 69
11 30
11 57
11 85
11 40
11 23
11 1
11 31
11 35
11 89
11 20
11 8
11 54
11 21
11 91
11 22
85 39
85 56
85 34
85 48
85 99
85 26
85 42
85 76
85 68
85 82
85 44
85 73
85 65
85 72
85 97
85 25
85 58
85 61
85 15
85 17
85 33
85 98
85 45
85 3
85 28
85 59
85 51
85 19
85 6
85 71
85 38
85 75
85 11
85 16
85 88
27 39
27 56
27 34
27 48
27 99
27 26
27 42
27 76
27 68
27 82
27 44
27 73
27 65
27 72
27 97
27 25
27 58
27 61
27 15
27 17
27 33
27 98
27 45
27 3
27 28
27 59
27 51
27 19
27 6
27 71
27 38
27 75
27 11
27 16
27 88
50 39
50 56
50 34
50 48
50 99
50 26
50 42
50 76
50 68
50 82
50 44
50 73
50 65
50 72
50 97
50 25
50 58
50 61
50 15
50 17
50 33
50 98
50 45
50 3
50 28
50 59
50 51
50 19
50 6
50 71
50 38
50 75
50 11
50 16
50 88
37 39
37 56
37 34
37 48
37 99
37 26
37 42
37 76
37 68
37 82
37 44
37 73
37 65
37 72
37 97
37 25
37 58
37 61
37 15
37 17
37 33
37 98
37 45
37 3
37 28
37 59
37 51
37 19
37 6
37 71
37 38
37 75
37 11
37 16
37 88
48 83
48 53
48 77
48 86
48 13
48 37
48 93
48 12
48 55
48 87
48 2
48 47
48 64
48 5
48 50
48 9
48 81
48 14
48 10
48 92
48 84
48 100
48 41
48 70
48 67
48 96
48 74
48 18
48 95
48 27
48 90
48 52
48 94
48 46
48 29
48 32
48 63
48 62
48 60
48 24
48 80
48 36
48 43
48 4
48 7
48 49
48 78
48 79
48 66
48 69
48 30
48 57
48 85
48 40
48 23
48 1
48 31
48 35
48 89
48 20
48 8
48 54
48 21
48 91
48 22
70 39
70 56
70 34
70 48
70 99
70 26
70 42
70 76
70 68
70 82
70 44
70 73
70 65
70 72
70 97
70 25
70 58
70 61
70 15
70 17
70 33
70 98
70 45
70 3
70 28
70 59
70 51
70 19
70 6
70 71
70 38
70 75
70 11
70 16
70 88
100 39
100 56
100 34
100 48
100 99
100 26
100 42
100 76
100 68
100 82
100 44
100 73
100 65
100 72
100 97
100 25
100 58
100 61
100 15
100 17
100 33
100 98
100 45
100 3
100 28
100 59
100 51
100 19
100 6
100 71
100 38
100 75
100 11
100 16
100 88
31 39
31 56
31 34
31 48
31 99
31 26
31 42
31 76
31 68
31 82
31 44
31 73
31 65
31 72
31 97
31 25
31 58
31 61
31 15
31 17
31 33
31 98
31 45
31 3
31 28
31 59
31 51
31 19
31 6
31 71
31 38
31 75
31 11
31 16
31 88
26 83
26 53
26 77
26 86
26 13
26 37
26 93
26 12
26 55
26 87
26 2
26 47
26 64
26 5
26 50
26 9
26 81
26 14
26 10
26 92
26 84
26 100
26 41
26 70
26 67
26 96
26 74
26 18
26 95
26 27
26 90
26 52
26 94
26 46
26 29
26 32
26 63
26 62
26 60
26 24
26 80
26 36
26 43
26 4
26 7
26 49
26 78
26 79
26 66
26 69
26 30
26 57
26 85
26 40
26 23
26 1
26 31
26 35
26 89
26 20
26 8
26 54
26 21
26 91
26 22
66 39
66 56
66 34
66 48
66 99
66 26
66 42
66 76
66 68
66 82
66 44
66 73
66 65
66 72
66 97
66 25
66 58
66 61
66 15
66 17
66 33
66 98
66 45
66 3
66 28
66 59
66 51
66 19
66 6
66 71
66 38
66 75
66 11
66 16
66 88
26 83
26 53
26 77
26 86
26 13
26 37
26 93
26 12
26 55
26 87
26 2
26 47
26 64
26 5
26 50
26 9
26 81
26 14
26 10
26 92
26 84
26 100
26 41
26 70
26 67
26 96
26 74
26 18
26 95
26 27
26 90
26 52
26 94
26 46
26 29
26 32
26 63
26 62
26 60
26 24
26 80
26 36
26 43
26 4
26 7
26 49
26 78
26 79
26 66
26 69
26 30
26 57
26 85
26 40
26 23
26 1
26 31
26 35
26 89
26 20
26 8
26 54
26 21
26 91
26 22
63 39
63 56
63 34
63 48
63 99
63 26
63 42
63 76
63 68
63 82
63 44
63 73
63 65
63 72
63 97
63 25
63 58
63 61
63 15
63 17
63 33
63 98
63 45
63 3
63 28
63 59
63 51
63 19
63 6
63 71
63 38
63 75
63 11
63 16
63 88
31 39
31 56
31 34
31 48
31 99
31 26
31 42
31 76
31 68
31 82
31 44
31 73
31 65
31 72
31 97
31 25
31 58
31 61
31 15
31 17
31 33
31 98
31 45
31 3
31 28
31 59
31 51
31 19
31 6
31 71
31 38
31 75
31 11
31 16
31 88
90 39
90 56
90 34
90 48
90 99
90 26
90 42
90 76
90 68
90 82
90 44
90 73
90 65
90 72
90 97
90 25
90 58
90 61
90 15
90 17
90 33
90 98
90 45
90 3
90 28
90 59
90 51
90 19
90 6
90 71
90 38
90 75
90 11
90 16
90 88
4 39
4 56
4 34
4 48
4 99
4 26
4 42
4 76
4 68
4 82
4 44
4 73
4 65
4 72
4 97
4 25
4 58
4 61
4 15
4 17
4 33
4 98
4 45
4 3
4 28
4 59
4 51
4 19
4 6
4 71
4 38
4 75
4 11
4 16
4 88
72 83
72 53
72 77
72 86
72 13
72 37
72 93
72 12
72 55
72 87
72 2
72 47
72 64
72 5
72 50
72 9
72 81
72 14
72 10
72 92
72 84
72 100
72 41
72 70
72 67
72 96
72 74
72 18
72 95
72 27
72 90
72 52
72 94
72 46
72 29
72 32
72 63
72 62
72 60
72 24
72 80
72 36
72 43
72 4
72 7
72 49
72 78
72 79
72 66
72 69
72 30
72 57
72 85
72 40
72 23
72 1
72 31
72 35
72 89
72 20
72 8
72 54
72 21
72 91
72 22
