25
22
4 4 
4 5 
4 13
4 14
4 22
9 7
9 8
9 11
9 15
9 16
9 19
17 7
17 12
17 17
17 21
22 4
22 5
22 10
22 11
22 16
22 21
22 22
5 7 3 1 1 7
6 1 1 2 2 1 1
8 1 3 1 3 1 1 3 1
8 1 3 1 1 6 1 3 1
8 1 3 1 5 2 1 3 1
5 1 1 2 1 1
7 7 1 1 1 1 1 7
2 3 3
9 1 2 3 1 1 3 1 1 2
6 1 1 3 2 1 1
6 4 1 4 2 1 2
8 1 1 1 1 1 4 1 3
6 2 1 1 1 2 5
6 3 2 2 6 3 1
6 1 9 1 1 2 1
6 2 1 2 2 3 1
7 3 1 1 1 1 5 1
4 1 2 2 5
7 7 1 2 1 1 1 3
7 1 1 2 1 2 2 1
6 1 3 1 4 5 1
6 1 3 1 3 10 2
6 1 3 1 1 6 6
6 1 1 2 1 1 2
5 7 2 1 2 5

5 7 2 1 1 7
6 1 1 2 2 1 1
9 1 3 1 3 1 3 1 3 1
8 1 3 1 1 5 1 3 1
8 1 3 1 1 4 1 3 1
6 1 1 1 2 1 1
7 7 1 1 1 1 1 7
3 1 1 3
7 2 1 2 1 8 2 1
8 2 2 1 2 1 1 1 2
5 1 7 3 2 1
8 1 2 3 1 1 1 1 1
5 4 1 1 2 6
7 3 3 1 1 1 3 1
5 1 2 5 2 2
9 2 2 1 1 1 1 1 2 1
7 1 3 3 2 1 8 1
3 6 2 1
6 7 1 4 1 1 3
5 1 1 1 1 4
6 1 3 1 3 7 1
9 1 3 1 1 1 2 1 1 4
6 1 3 1 4 3 3
7 1 1 2 2 2 6 1
6 7 1 3 2 1 1
