4 30 1
24 71 22 85 42 79 87 18 29 24 11 58 86 81 22 47 94 84 83 88 35 82 72 44 35 32 95 33 69 30 	831 
31 93 53  6 30 96 85 69 66 66 45 77 77 32 58 99 79  5 84 14 45 71 97 17 67 32  2 63 17 71 	823 
45 48 64 99 54 47 47 92 16 13 58 62 90 87 94  0 87 25  5 23 40 51 46 89 68 14 21 22 29 38 	737 
93 26 38 10 25 93  9 24 85 25 37 95 39 79 83 85 80 22 63 37 45 55 40 43 44 61 57 17 83 38 	765 
0,0,1,1,0,0,1,1,1,0,0,1,0,1,0,1,0,0,1,0,0,1,0,1,1,1,1,1,0,0


5 40 1
47 78 64 70 90 28 42 44 38  3  4 78 65 87 73 51 48 72 37 23 47  9 94 72 99 10 93 33 92 27 49 39 57 13 62 47 93  4 43 83 	1054 
59 99 62 25 39 87 28 39 59 65 63 58 74 57 82 25 20 75 58 12  2  7  3 59 73 17 59 66 21 54  2 33  6 16 58 45  3 38 84 14 	873 
 3 99 24 30  9  7 55 29 82 14 93 37 73 96 96 98 66  7 17 39 62 19 72 68 35 82 65 90 20 49  4 24  1 28  6 10 35 61 39 70 	907 
27 32  7 53 80 55 51 46 63 68 86 25 87 10 45 74 93 10 64 13 11 20 89 12 49 95 74 36  9 13  6 36 97 65 89 30 21 41 76 84 	971 
 9 14 61 49 25  6 23 70 68 40 35 31 60 25 96  9 72 70 98 81 36 56 70 33 22 59 15 95 52 92 79 62 58 92 63 35 50 38  5 18 	986 
1 1 1 0 1 1 1 1 0 0 1 0 0 1 1 0 1 1 0 0 0 1 1 0 0 1 0 0 1 0 0 0 0 1 1 0 1 1 0 0 
x[0,0,0,1,0,0,0,0,1,1,0,1,1,0,0,1,0,0,1,1,1,0,0,1,1,0,1,1,0,1,1,1,1,0,0,1,0,0,1,1]



2 10 1
83 91 88 18 92 79 97 42 72 47 	354 
27 98 46 63 45  3 77 36 72 56 	261 
0 0 1 1 0 1 1 0 1 0 






4 30 1
12  2 94 94 66 77  2 94 38  4 67 89 38 66 92 84 75 24 78 16 12  0 55  6 40 37 36 90 35 89 	756 
13 99 43 59 93 10 36 47 56 75 51 75 16 90 41  8 26 16 84  5 33 96 57 40 54 49 29 90 39 64 	747 
31 52 63 75 63  8 85  0 56 41 27  7 68 43 49  9  4 76 78 40 33 63 37 90  3 91 91 33 34 31 	690 
49 65 35 65 40 99 73 77 51 29 70 30 89 38 25 38  0 29 66 78 70 99 41 59 41 96  2 33 81 36 	802 





5 40 1
27  0 10 77 22 64 96 87 90  5 90  6  5 95 44 17 42 18 22 14 26 61 27 54 61 20 80 41 63 36 32 42 36 42 19 10 59 68 97 49 	877 
73 39 55 30 35  0 99 29 70 21 44 97 34 23 51 48 43 83 89 58 71 21  1 59 16 72 69 75 40 18 24 65 58 80 96 45 32 47 74  2 	993 
69 70 51  3 93 54 51 36 89 92 47 12 66 48 71 82 72 92 57 13 63 81 30 21 13 26 18 97 26 92 52 95 63 55 50  8 10 54 97 51 	1085 
98 44 64 64 44 35 98 16 80  7 81 43 41 12 64  6 90 34  4 16 78 56 63 93 11 66  2 73 72 99 77 70 95 41 87 39 28 37 55  8 	1045 
45 89 51 86  1 67 92 43  1 48 60 80 56 75 73 20 41 27 93 65 78 22 88 73 63 27 12 44 64 20 52 61  9 56 99 10 23 92 53 77 	1068 
0 0 1 0 0 1 0 0 1 0 1 0 0 1 0 1 1 0 1 1 1 0 0 0 0 1 0 1 1 1 0 1 0 0 1 1 1 1 0 1 







4 30 1
27 15 16 71 82 55 24 54 17 31 14 63 62 55 90 45 67 58 18  6 23 66 46  6 56 71 49 62 44 29 	661 
85 71 44  1 94 78  9 19 84 78 50 98 42 12  5 32  9 24 90 79 82 65 45 29 23 53  0 73 16 96 	743 
 2 53 68 98 54 14 28 15 85 12 94 35 62 36 99 67 20 60 43 62 39 25 27 37  6 51 90 58 76 58 	737 
55 78 11 75 28 18 89 56 85 75 20 31 62 82 67 14  1 39 74 96  1 66 21 29 55 28 80 45 38 56 	737 


















2 10 1
 6 53 28 77 11 18 76 70 72 75 	243 
26 12 10 80 56 82 59 32 80 11 	224 

2 10 1
81 45 34 51 14 52 43 40 54  5 	209 
84 85 31 88 93  0 56  4 48  6 	247 















